30000	87172
0	1	936
0	6353	673
0	6309	977
1	0	936
2	3	328
2	4	798
2	7	523
3	2	328
3	309	906
4	273	647
4	2	798
4	274	862
4	388	978
5	6	553
5	8	807
5	9	363
6	305	3
6	5	553
6	309	312
6	310	81
7	16	89
7	2	523
7	8	59
7	3998	434
8	5	807
8	7	59
9	10464	928
9	5	363
9	12	930
10	22	628
10	11	617
10	77	126
11	10	617
11	44	972
12	9	930
12	13	469
12	14	387
13	12	469
14	20	99
14	12	387
14	15	769
15	310	785
15	312	203
15	14	769
16	17	237
16	18	548
16	7	89
17	16	237
18	16	548
18	24	57
18	266	433
19	20	410
19	21	664
19	23	750
19	25	638
20	19	410
20	24	552
20	312	833
20	14	99
21	19	664
22	69	255
22	10	628
22	58	856
22	44	135
23	19	750
23	38	301
23	24	427
24	18	57
24	20	552
24	23	427
24	303	937
25	19	638
25	26	600
25	29	345
26	37	795
26	312	290
26	25	600
27	28	321
27	29	251
27	30	99
28	27	321
29	25	345
29	314	827
29	27	251
30	32	470
30	27	99
30	31	156
31	30	156
32	33	76
32	34	278
32	30	470
33	32	76
34	32	278
34	35	257
34	36	990
35	34	257
36	34	990
36	37	539
36	40	504
36	313	335
37	36	539
37	313	52
37	26	795
38	52	668
38	23	301
38	39	922
39	38	922
39	4027	850
39	317	647
39	303	76
40	67	648
40	36	504
40	45	500
41	57	606
41	42	661
41	43	513
42	279	196
42	41	661
42	8841	423
43	41	513
44	51	473
44	22	135
44	11	972
44	45	694
45	275	385
45	279	242
45	40	500
45	44	694
46	56	833
46	59	258
46	47	883
47	55	874
47	60	701
47	46	883
48	49	617
48	277	91
48	54	596
48	63	879
49	48	617
49	55	491
50	51	810
50	58	494
50	61	971
51	50	810
51	44	473
52	132	726
52	53	480
52	38	668
52	71	745
53	52	480
53	277	139
53	278	998
53	279	556
54	48	596
54	55	297
54	60	610
54	62	233
55	49	491
55	54	297
55	47	874
56	65	907
56	57	122
56	46	833
57	64	583
57	56	122
57	41	606
57	75	326
58	50	494
58	22	856
58	70	584
59	65	328
59	68	635
59	60	593
59	46	258
60	54	610
60	59	593
60	47	701
61	81	27
61	50	971
61	70	182
62	68	3
62	54	233
62	63	218
63	48	879
63	62	218
64	80	816
64	66	311
64	57	583
65	56	907
65	59	328
65	75	121
65	78	870
66	64	311
66	86	340
66	73	130
67	40	648
68	59	635
68	62	3
68	78	640
69	83	539
69	22	255
69	70	372
69	76	855
70	69	372
70	58	584
70	61	182
70	93	711
71	52	745
71	72	635
71	319	370
72	71	635
72	317	288
72	318	728
73	66	130
73	74	330
73	79	484
74	73	330
75	80	933
75	65	121
75	82	863
75	57	326
76	69	855
76	198	150
76	88	653
76	77	911
77	197	659
77	10	126
77	76	911
78	65	870
78	82	872
78	68	640
79	81	906
79	73	484
79	89	550
80	64	816
80	86	688
80	87	834
80	75	933
81	61	27
81	93	937
81	79	906
81	95	516
82	87	762
82	106	878
82	75	863
82	78	872
83	69	539
83	88	320
83	92	813
84	352	471
84	85	283
84	9833	251
85	84	283
85	853	44
85	895	904
86	80	688
86	66	340
86	89	203
86	94	550
87	80	834
87	82	762
87	99	832
87	94	220
88	96	326
88	83	320
88	387	764
88	76	653
89	97	429
89	86	203
89	79	550
89	95	394
90	400	693
90	1520	598
90	297	145
90	1642	853
90	91	885
91	295	580
91	297	366
91	345	906
91	90	885
92	96	57
92	98	809
92	83	813
92	93	619
93	81	937
93	70	711
93	92	619
94	97	854
94	86	550
94	87	220
94	108	642
95	81	516
95	101	894
95	102	379
95	89	394
96	103	399
96	88	326
96	104	887
96	92	57
97	102	677
97	89	429
97	107	997
97	94	854
98	101	514
98	104	761
98	92	809
99	100	157
99	3558	475
99	87	832
99	105	257
100	99	157
100	108	211
100	109	97
101	112	554
101	98	514
101	2339	84
101	95	894
102	97	677
102	113	170
102	95	379
102	111	163
103	96	399
103	115	967
103	124	116
104	96	887
104	98	761
104	115	199
104	120	83
105	99	257
105	9062	544
105	106	457
106	82	878
106	105	457
107	97	997
107	113	168
107	346	229
107	108	278
108	100	211
108	107	278
108	94	642
108	110	106
109	100	97
109	118	908
109	110	252
110	346	376
110	108	106
110	109	252
111	112	216
111	102	163
111	119	339
111	122	856
112	2339	792
112	101	554
112	111	216
113	114	476
113	102	170
113	121	191
113	107	168
114	113	476
115	128	590
115	103	967
115	104	199
115	120	718
115	123	143
116	117	50
116	133	558
116	118	65
117	116	50
117	9062	836
118	116	65
118	109	908
119	120	154
119	125	309
119	111	339
120	115	718
120	2339	965
120	119	154
120	104	83
121	113	191
121	122	551
121	126	24
122	121	551
122	125	746
122	111	856
122	127	979
123	115	143
123	136	465
123	124	783
124	103	116
124	123	783
124	347	807
125	128	763
125	129	17
125	119	309
125	122	746
126	130	740
126	121	24
126	127	839
127	129	622
127	134	440
127	122	979
127	126	839
128	115	590
128	138	625
128	125	763
129	137	29
129	125	17
129	127	622
130	131	537
130	134	384
130	126	740
131	130	537
132	52	726
132	151	677
132	152	13
133	116	558
134	130	384
134	137	1
134	142	528
134	127	440
135	8946	647
135	136	768
135	284	201
136	135	768
136	123	465
136	347	108
137	129	29
137	145	640
137	134	1
137	138	241
138	128	625
138	144	876
138	8855	86
138	137	241
139	2342	663
139	140	676
139	8862	506
140	8855	320
140	139	676
141	325	681
141	142	541
141	143	282
142	145	424
142	134	528
142	141	541
143	144	939
143	145	31
143	141	282
144	177	709
144	138	876
144	8862	186
144	143	939
145	137	640
145	142	424
145	143	31
146	147	370
146	148	585
146	149	582
147	146	370
147	148	371
147	150	877
147	412	550
148	146	585
148	147	371
148	324	503
148	278	409
149	161	418
149	146	582
149	150	92
150	147	877
150	149	92
150	406	79
150	411	6
151	132	677
151	153	884
151	156	767
152	132	13
152	153	409
152	154	992
153	8945	896
153	151	884
153	152	409
153	154	645
154	152	992
154	153	645
155	166	538
155	156	771
155	157	832
156	4323	778
156	278	57
156	151	767
156	155	771
157	162	587
157	170	575
157	155	832
158	160	864
158	280	160
158	159	460
159	280	706
159	282	373
159	158	460
160	158	864
161	149	418
161	328	62
161	175	34
162	157	587
163	164	121
163	180	77
163	165	839
164	163	121
164	180	779
164	327	349
165	163	839
165	166	856
165	171	430
166	165	856
166	155	538
166	332	950
167	168	159
167	169	918
167	172	761
168	167	159
168	281	473
168	286	410
169	167	918
170	4137	71
170	171	677
170	157	575
171	165	430
171	170	677
171	4139	443
172	176	458
172	292	483
172	167	761
173	176	664
173	174	233
173	175	889
174	173	233
175	161	34
175	178	440
175	173	889
176	178	124
176	172	458
176	173	664
177	144	709
178	176	124
178	181	327
178	175	440
179	180	740
179	184	996
179	185	328
180	163	77
180	179	740
180	164	779
181	178	327
181	182	848
181	183	902
182	181	848
183	291	21
183	181	902
183	185	29
184	179	996
185	179	328
185	183	29
185	186	404
186	185	404
186	187	868
186	188	98
187	336	102
187	186	868
187	333	342
188	289	543
188	194	901
188	186	98
189	193	535
189	190	686
189	191	416
190	5297	211
190	189	686
190	5294	547
191	4454	56
191	4444	973
191	189	416
192	193	434
192	196	584
192	10687	647
193	192	434
193	189	535
193	9967	877
194	195	607
194	361	505
194	188	901
195	194	607
195	338	897
195	196	119
196	192	584
196	10400	126
196	195	119
197	387	278
197	198	841
197	77	659
198	197	841
198	76	150
198	10925	5
199	200	114
199	205	155
199	206	237
200	373	610
200	199	114
200	376	192
200	361	342
201	213	507
201	202	61
201	203	598
201	204	887
202	208	175
202	201	61
202	383	822
203	201	598
203	383	75
204	210	665
204	212	985
204	201	887
204	205	950
205	199	155
205	204	950
206	210	649
206	199	237
206	207	42
207	1203	135
207	376	174
207	206	42
208	209	465
208	213	79
208	214	55
208	202	175
209	208	465
209	288	509
209	290	128
209	287	852
210	211	34
210	215	39
210	204	665
210	206	649
211	210	34
211	1203	592
211	220	845
211	223	540
212	213	456
212	215	474
212	204	985
212	221	133
213	208	79
213	212	456
213	201	507
213	222	476
214	208	55
214	299	912
214	222	843
215	210	39
215	226	510
215	212	474
215	223	782
216	225	748
216	227	939
216	217	555
216	10893	706
217	224	711
217	216	555
217	219	974
218	224	107
218	230	815
218	219	346
218	220	171
219	360	555
219	217	974
219	218	346
220	211	845
220	231	293
220	360	326
220	218	171
221	226	462
221	243	856
221	212	133
221	222	365
222	213	476
222	214	843
222	221	365
223	211	540
223	229	656
223	215	782
223	231	783
224	227	203
224	217	711
224	218	107
224	234	768
225	228	817
225	216	748
225	233	784
226	229	841
226	215	510
226	221	462
226	350	991
227	224	203
227	216	939
227	233	137
227	236	835
228	225	817
228	232	596
228	235	683
229	226	841
229	238	879
229	223	656
230	231	639
230	218	815
230	234	322
230	237	992
231	230	639
231	220	293
231	238	834
231	223	783
232	228	596
232	1380	389
232	1355	589
233	240	818
233	225	784
233	227	137
233	235	443
234	224	768
234	230	322
234	236	429
234	239	655
235	228	683
235	244	912
235	233	443
236	240	843
236	227	835
236	234	429
237	230	992
237	343	533
237	238	939
237	239	513
238	229	879
238	231	834
238	237	939
239	245	562
239	264	506
239	234	655
239	237	513
240	244	985
240	245	748
240	233	818
240	236	843
241	242	958
241	243	554
241	296	162
242	241	958
242	356	334
242	350	951
243	241	554
243	299	986
243	221	856
243	350	163
244	240	985
244	357	202
244	246	2
244	235	912
245	240	748
245	246	150
245	239	562
246	244	2
246	245	150
246	359	690
247	259	565
247	405	799
247	248	157
247	249	594
248	357	582
248	358	603
248	247	157
249	247	594
249	250	862
249	251	129
250	4211	228
250	405	756
250	263	780
250	249	862
251	258	921
251	263	192
251	249	129
252	256	416
252	253	112
252	254	687
253	294	622
253	10841	201
253	252	112
254	10755	790
254	10757	779
254	252	687
255	256	323
255	257	36
255	260	535
256	293	98
256	341	589
256	252	416
256	255	323
257	10721	185
257	297	222
257	255	36
258	259	29
258	265	166
258	251	921
259	258	29
259	247	565
259	1371	125
260	340	487
260	261	594
260	255	535
261	260	594
261	344	994
262	263	669
263	4245	356
263	262	669
263	250	780
263	251	192
264	4374	172
264	265	278
264	397	484
264	239	506
265	258	166
265	264	278
265	1371	911
266	18	433
266	303	752
267	321	121
267	306	945
267	268	398
267	269	896
268	321	421
268	1410	98
268	267	398
268	269	964
269	321	280
269	1400	989
269	267	896
269	268	964
270	272	350
270	1666	213
270	404	931
270	271	886
271	595	379
271	10476	52
271	270	886
272	595	57
272	10109	769
272	270	350
273	3872	685
273	4	647
273	3861	906
273	3862	661
274	4	862
274	309	647
274	3862	147
275	276	214
275	284	988
275	45	385
276	275	214
276	313	822
277	48	91
277	53	139
277	326	928
278	148	409
278	53	998
278	156	57
279	53	556
279	42	196
279	45	242
280	281	282
280	158	160
280	159	706
281	168	473
281	280	282
282	283	186
282	159	373
283	282	186
283	285	942
284	275	988
284	406	65
284	135	201
285	406	978
285	283	942
286	292	508
286	168	410
287	209	852
287	290	37
287	372	154
288	209	509
288	298	461
288	302	771
289	291	123
289	362	565
289	188	543
290	209	128
290	373	128
290	375	778
290	287	37
291	289	123
291	292	470
291	183	21
292	291	470
292	172	483
292	286	508
293	256	98
293	10721	773
293	294	210
293	297	882
294	293	210
294	10841	889
294	253	622
295	296	491
295	298	31
295	91	580
295	382	911
296	384	498
296	241	162
296	295	491
297	257	222
297	293	882
297	90	145
297	91	366
298	288	461
298	803	462
298	295	31
298	299	738
299	243	986
299	214	912
299	298	738
300	368	229
300	370	225
300	301	986
300	302	431
301	401	772
301	1075	959
301	300	986
302	288	771
302	401	438
302	371	32
302	300	431
303	304	544
303	39	76
303	24	937
303	266	752
304	7600	672
304	4027	362
304	303	544
305	6	3
306	10470	876
306	1401	197
306	267	945
307	4114	999
307	4579	931
307	308	980
307	4479	993
308	307	980
308	10614	753
309	274	647
309	3	906
309	6	312
310	6	81
310	311	965
310	15	785
311	10464	183
311	310	965
312	20	833
312	26	290
312	15	203
313	36	335
313	276	822
313	37	52
314	315	666
314	316	606
314	29	827
315	314	666
316	314	606
317	39	647
317	4055	996
317	72	288
317	4041	844
318	72	728
319	320	447
319	4052	665
319	71	370
320	319	447
321	267	121
321	268	421
321	269	280
322	323	278
322	324	614
322	412	773
323	322	278
324	322	614
324	148	503
324	325	48
325	324	48
325	8951	47
325	141	681
326	277	928
327	164	349
327	328	855
327	329	38
327	4477	580
328	161	62
328	8933	787
328	327	855
328	4478	648
329	4144	41
329	327	38
329	330	688
330	329	688
330	331	729
331	8775	970
331	330	729
332	166	950
333	187	342
333	334	691
333	335	157
334	4149	334
334	4139	541
334	333	691
335	333	157
336	187	102
337	338	907
337	339	902
337	377	17
338	337	907
338	195	897
338	9407	69
339	337	902
340	260	487
340	341	581
340	348	106
341	256	589
341	416	992
341	340	581
341	342	53
342	341	53
343	237	533
344	261	994
344	345	949
345	403	67
345	344	949
345	91	906
345	382	669
346	107	229
346	110	376
347	136	108
347	124	807
348	416	142
348	340	106
348	349	697
349	348	697
350	226	991
350	242	951
350	243	163
350	351	909
351	350	909
352	84	471
353	354	695
353	355	28
353	7831	651
354	353	695
354	508	845
354	509	409
355	353	28
356	242	334
357	244	202
357	359	231
357	248	582
358	359	963
358	248	603
359	357	231
359	246	690
359	358	963
360	1203	38
360	219	555
360	220	326
361	194	505
361	200	342
361	377	129
361	362	717
362	289	565
362	361	717
362	367	296
363	4116	241
363	364	475
363	991	182
364	1009	604
364	1001	277
364	363	475
364	8892	650
365	9332	24
365	10361	793
365	5117	147
365	366	402
366	4177	474
366	365	402
366	4109	692
367	374	984
367	362	296
368	369	223
368	370	63
368	300	229
369	368	223
369	419	496
369	486	351
370	368	63
370	371	175
370	300	225
371	370	175
371	372	681
371	302	32
372	371	681
372	287	154
373	290	128
373	374	80
373	375	401
373	200	610
374	373	80
374	375	631
374	367	984
375	290	778
375	373	401
375	374	631
376	391	705
376	200	192
376	377	353
376	207	174
377	337	17
377	391	232
377	376	353
377	361	129
378	4499	130
378	10425	327
378	379	144
379	378	144
380	1539	358
380	4585	477
380	381	11
380	1534	923
380	1550	617
381	1364	235
381	380	11
381	10141	193
381	1550	44
382	802	959
382	295	911
382	345	669
383	202	822
383	203	75
384	296	498
385	386	708
385	390	730
385	392	107
386	385	708
386	630	520
386	631	619
386	410	344
387	197	278
387	88	764
388	4	978
388	389	430
388	4005	111
388	4006	688
389	3872	244
389	3939	636
389	388	430
390	385	730
390	2161	727
390	392	493
390	410	424
391	405	797
391	376	705
391	377	232
392	385	107
392	390	493
392	1327	988
393	1488	57
393	1699	648
393	1095	648
393	394	473
394	1488	829
394	393	473
394	1469	987
394	398	918
395	6485	770
395	6489	888
395	396	858
396	6484	905
396	395	858
396	6700	656
397	400	434
397	420	928
397	264	484
398	394	918
398	10346	60
398	1468	274
398	399	898
399	1472	914
399	10810	485
399	1467	328
399	398	898
400	90	693
400	1642	291
400	397	434
401	402	259
401	825	914
401	301	772
401	302	438
402	401	259
402	803	299
402	825	708
403	345	67
403	825	888
403	841	2
403	1020	435
404	1398	307
404	407	808
404	425	431
404	270	931
405	247	799
405	391	797
405	250	756
406	150	79
406	284	65
406	285	978
407	404	808
407	408	807
407	425	412
408	407	807
408	409	51
408	1386	672
409	1667	18
409	408	51
409	1592	835
410	386	344
410	2164	593
410	390	424
410	1769	11
411	8946	271
411	8949	963
411	150	6
412	322	773
412	147	550
412	10926	217
413	418	796
413	489	358
413	414	603
414	489	922
414	490	738
414	491	797
414	413	603
415	416	121
415	421	425
415	422	477
416	341	992
416	488	788
416	348	142
416	415	121
417	418	931
417	419	500
417	505	588
418	417	931
418	10837	862
418	413	796
419	369	496
419	417	500
419	486	966
419	487	357
420	421	624
420	524	130
420	397	928
421	420	624
421	504	366
421	415	425
422	426	84
422	415	477
423	424	819
423	428	768
423	430	249
424	423	819
424	488	165
424	430	583
424	494	4
425	404	431
425	1396	108
425	407	412
426	422	84
426	427	459
427	432	976
427	426	459
427	428	159
428	496	53
428	423	768
428	488	614
428	427	159
429	434	942
429	430	456
429	431	862
430	434	784
430	423	249
430	424	583
430	429	456
431	10838	200
431	443	204
431	429	862
432	515	553
432	456	697
432	427	976
433	434	328
433	10725	650
433	443	989
433	492	577
434	433	328
434	443	785
434	429	942
434	430	784
435	436	282
435	437	843
435	438	134
436	529	277
436	435	282
436	527	577
437	435	843
438	435	134
438	536	93
438	600	897
439	452	183
439	440	276
439	508	124
440	515	418
440	439	276
440	601	474
441	4582	20
441	442	412
441	445	484
442	441	412
443	433	989
443	434	785
443	492	882
443	431	204
444	10283	826
444	445	712
444	446	319
445	10263	946
445	441	484
445	444	712
446	444	319
447	448	237
447	3791	655
448	3862	907
448	4285	858
448	447	237
449	450	125
449	485	665
449	4587	993
450	449	125
450	6792	14
450	6748	93
451	452	151
452	451	151
452	516	1
452	439	183
453	454	543
453	8265	120
454	498	993
454	453	543
454	7530	132
455	456	74
455	457	601
455	462	449
456	432	697
456	496	129
456	455	74
457	455	601
457	521	502
457	458	213
458	520	738
458	457	213
458	459	783
458	461	521
459	458	783
459	460	112
459	461	739
460	521	49
460	459	112
460	461	251
461	458	521
461	459	739
461	460	251
462	455	449
462	522	798
462	587	401
462	588	776
463	464	390
463	467	611
463	580	735
464	538	434
464	539	914
464	463	390
465	466	248
465	8788	488
465	7912	900
466	465	248
467	463	611
468	7936	519
468	469	847
468	470	884
469	579	313
469	468	847
469	580	665
470	468	884
471	472	189
471	475	173
472	471	189
472	573	249
473	474	310
473	2491	280
473	3499	39
473	1580	983
474	473	310
474	2491	138
474	3500	162
475	484	331
475	471	173
475	575	394
476	497	399
476	4645	47
476	477	982
477	530	167
477	4658	246
477	500	24
477	476	982
478	775	442
478	807	287
478	776	806
478	479	436
479	478	436
480	481	402
481	480	402
481	554	462
481	556	111
482	483	672
483	482	672
483	548	128
483	550	67
484	8563	370
484	475	331
485	449	665
485	5907	588
485	5909	236
485	9113	350
486	369	351
486	419	966
486	487	36
487	419	357
487	596	960
487	486	36
488	416	788
488	424	165
488	428	614
489	602	322
489	604	173
489	413	358
489	414	922
490	491	558
490	603	394
490	414	738
491	596	479
491	490	558
491	414	797
492	433	577
492	443	882
492	493	321
492	527	714
493	492	321
494	424	4
494	505	888
494	507	320
495	496	417
496	456	129
496	428	53
496	495	417
497	4659	937
497	4979	814
497	476	399
498	499	857
498	454	993
498	8942	886
499	577	112
499	498	857
499	8557	417
500	4645	224
500	4646	941
500	4647	895
500	477	24
501	502	86
501	503	985
502	501	86
502	540	514
502	542	734
503	501	985
503	540	508
504	421	366
505	417	588
505	506	537
505	494	888
506	505	537
507	494	320
508	354	845
508	439	124
508	510	207
509	513	422
509	354	409
509	514	562
510	508	207
511	512	884
511	515	777
512	8789	183
512	511	884
513	10843	235
513	509	422
514	509	562
515	432	553
515	440	418
515	511	777
516	452	1
517	518	891
517	519	439
517	8908	14
518	517	891
519	517	439
520	458	738
521	457	502
521	522	118
521	460	49
522	521	118
522	523	996
522	462	798
523	522	996
524	420	130
524	7705	250
524	525	239
524	526	63
525	4374	191
525	524	239
526	524	63
527	528	168
527	436	577
527	492	714
528	527	168
529	436	277
530	4657	20
530	531	388
530	4662	77
530	477	167
531	4977	932
531	530	388
531	4978	863
531	4975	644
532	4961	656
532	4642	793
532	533	995
532	537	276
533	4960	580
533	4961	242
533	532	995
533	4647	859
534	594	734
534	535	525
534	536	329
535	594	884
535	534	525
535	605	476
536	594	431
536	438	93
536	534	329
537	532	276
537	4971	860
537	4974	92
538	464	434
539	464	914
540	502	514
540	503	508
540	541	56
541	540	56
541	10317	422
542	502	734
542	8445	732
542	543	90
543	544	972
543	547	299
543	542	90
544	8385	960
544	549	484
544	543	972
545	546	242
545	9115	645
545	9102	477
546	545	242
546	1998	753
546	9118	741
547	548	771
547	543	299
548	483	128
548	547	771
548	549	613
549	544	484
549	548	613
549	8391	222
549	8365	166
550	483	67
550	551	869
550	552	299
551	550	869
551	8360	804
551	8365	129
552	550	299
552	553	34
552	8330	394
553	552	34
553	554	859
553	8586	293
554	481	462
554	553	859
554	555	27
555	554	27
555	8266	242
555	8683	608
555	556	627
556	481	111
556	555	627
556	557	954
557	556	954
557	558	487
558	8280	266
558	557	487
558	559	874
559	597	375
559	598	444
559	558	874
560	561	260
560	10547	14
560	8203	682
561	560	260
561	564	811
561	8171	608
562	563	96
562	564	985
562	565	313
563	8145	866
563	10401	93
563	562	96
563	8157	163
564	561	811
564	562	985
564	8157	968
565	562	313
565	8130	804
565	566	525
566	565	525
566	567	172
566	8110	991
567	8083	347
567	566	172
567	568	500
568	567	500
568	571	180
569	570	26
569	571	150
569	572	449
570	569	26
571	568	180
571	569	150
571	8061	623
572	8676	289
572	569	449
572	575	614
573	576	290
573	472	249
573	574	803
574	8001	445
574	573	803
574	7999	47
575	8039	961
575	475	394
575	572	614
576	8465	210
576	8265	483
576	573	290
577	578	155
577	499	112
577	579	288
578	7968	389
578	577	155
578	7956	668
579	577	288
579	469	313
579	7957	35
580	469	665
580	581	886
580	463	735
581	580	886
581	582	757
581	583	647
582	581	757
583	581	647
583	584	369
583	585	429
584	583	369
585	583	429
585	586	491
585	587	164
586	585	491
587	585	164
587	588	564
587	462	401
588	587	564
588	589	891
588	462	776
589	588	891
589	590	258
589	591	413
590	10725	196
590	10726	547
590	589	258
591	592	323
591	593	959
591	589	413
592	591	323
593	591	959
593	607	192
594	534	734
594	535	884
594	536	431
595	272	57
595	1386	391
595	271	379
596	487	960
596	491	479
597	10547	303
597	559	375
598	10851	347
598	8277	879
598	10549	346
598	559	444
599	600	647
599	607	945
600	438	897
600	599	647
601	440	474
601	10843	170
601	10844	78
602	489	322
602	603	715
602	604	323
603	490	394
603	602	715
604	489	173
604	602	323
604	605	906
605	535	476
605	604	906
605	606	520
606	605	520
607	593	192
607	599	945
608	609	221
608	610	489
608	612	578
608	682	188
609	608	221
609	684	647
609	702	569
610	608	489
610	698	461
610	683	251
610	702	179
611	612	148
611	613	475
611	614	845
612	608	578
612	611	148
612	619	654
612	684	297
613	611	475
613	684	940
613	703	551
614	611	845
614	618	975
614	622	498
615	616	745
615	617	82
615	623	481
616	615	745
616	808	68
616	811	365
617	615	82
618	659	172
618	614	975
618	619	772
619	612	654
619	618	772
619	682	395
619	683	585
620	628	388
620	1740	583
620	621	314
620	622	742
621	660	65
621	620	314
621	622	398
622	659	164
622	614	498
622	620	742
622	621	398
623	624	815
623	625	877
623	615	481
624	1012	617
624	623	815
624	831	664
625	626	688
625	623	877
626	625	688
626	634	592
626	685	264
627	628	545
627	629	474
627	637	422
627	638	428
628	627	545
628	695	997
628	620	388
629	627	474
629	668	907
629	637	988
629	669	843
630	386	520
630	10451	389
630	631	365
630	686	361
631	386	619
631	707	266
631	630	365
632	1557	368
632	633	304
632	1514	773
633	2769	631
633	632	304
633	1514	424
634	626	592
634	645	513
634	635	622
635	659	245
635	646	233
635	634	622
635	683	829
636	672	103
636	637	670
636	639	598
637	627	422
637	629	988
637	636	670
637	639	719
638	627	428
638	653	349
638	639	300
639	636	598
639	637	719
639	653	621
639	638	300
640	641	350
640	673	274
640	642	63
641	640	350
641	672	808
641	673	649
641	654	401
641	655	144
642	640	63
642	649	169
642	651	130
643	657	852
643	644	60
643	650	32
644	643	60
644	664	156
644	665	301
644	666	975
645	646	178
645	2169	727
645	634	513
646	645	178
646	681	161
646	635	233
646	1758	639
647	1056	159
647	678	764
647	648	492
647	687	946
648	2160	96
648	647	492
648	1399	373
648	2621	83
649	642	169
649	650	676
649	651	51
650	656	526
650	643	32
650	649	676
651	642	130
651	649	51
651	655	1
652	653	639
652	654	107
652	670	155
653	667	411
653	652	639
653	638	349
653	639	621
654	641	401
654	674	101
654	652	107
654	655	617
654	671	675
655	641	144
655	676	847
655	651	1
655	654	617
656	657	60
656	658	702
656	676	569
656	650	526
657	656	60
657	643	852
657	677	225
658	656	702
658	691	672
658	1738	942
659	618	172
659	635	245
659	683	773
659	622	164
660	704	805
660	661	901
660	621	65
661	704	430
661	705	249
661	660	901
662	685	997
664	673	224
664	644	156
664	694	746
664	10447	303
665	644	301
666	673	360
666	644	975
667	688	76
667	653	411
667	670	210
668	629	907
669	629	843
670	1737	957
670	667	210
670	652	155
670	671	422
671	674	553
671	654	675
671	670	422
672	641	808
672	10481	724
672	636	103
673	640	274
673	641	649
673	664	224
673	666	360
674	675	872
674	654	101
674	671	553
674	1743	957
675	674	872
675	690	782
675	676	881
676	656	569
676	675	881
676	691	133
676	655	847
677	657	225
677	680	177
678	2166	283
678	647	764
678	1403	530
679	680	503
680	2164	896
680	677	177
680	1829	591
680	679	503
681	646	161
682	608	188
682	696	895
682	619	395
683	610	251
683	659	773
683	619	585
683	635	829
684	609	647
684	612	297
684	613	940
685	2689	580
685	626	264
685	662	997
685	879	95
686	10451	375
686	692	464
686	630	361
686	687	672
687	647	946
687	10106	464
687	686	672
688	689	330
688	1745	304
688	1737	99
688	667	76
689	688	330
690	675	782
690	691	467
690	1031	122
690	697	128
691	658	672
691	690	467
691	676	133
691	1031	54
692	686	464
692	2159	149
694	664	746
695	628	997
696	682	895
697	690	128
697	1748	748
697	1743	476
698	610	461
698	808	139
698	699	451
698	700	800
699	808	595
699	698	451
699	796	157
700	698	800
700	701	48
700	797	220
701	700	48
701	702	168
702	609	569
702	610	179
702	701	168
703	704	785
703	613	551
704	660	805
704	661	430
704	703	785
705	706	807
705	661	249
706	705	807
706	10447	314
707	631	266
707	10447	879
708	709	301
708	777	801
709	708	301
709	789	6
709	780	893
710	711	636
710	919	433
710	921	497
711	710	636
711	863	733
712	713	609
712	714	655
712	715	808
713	1040	722
713	712	609
713	922	404
714	1060	421
714	712	655
714	921	926
714	922	65
715	1060	973
715	1061	511
715	712	808
715	1065	627
716	720	952
716	10454	298
716	717	610
716	1037	387
717	1040	508
717	716	610
717	1038	182
718	723	38
718	719	180
719	721	271
719	718	180
720	724	496
720	986	861
720	716	952
720	732	374
721	722	923
721	723	642
721	719	271
722	721	923
722	1064	215
722	1069	386
723	721	642
723	724	364
723	718	38
724	720	496
724	723	364
724	727	294
725	931	511
725	726	239
725	1046	885
725	729	393
726	1042	897
726	1044	655
726	725	239
727	724	294
727	728	87
727	730	723
728	1088	754
728	1089	883
728	727	87
728	975	414
729	740	358
729	725	393
729	735	241
730	737	9
730	727	723
730	975	650
731	736	726
731	732	897
731	733	114
732	720	374
732	731	897
732	988	506
733	736	16
733	930	100
733	731	114
733	734	270
734	988	443
734	733	270
734	1055	192
735	739	729
735	755	41
735	729	241
736	737	245
736	738	938
736	930	740
736	731	726
736	733	16
737	736	245
737	1026	826
737	730	9
738	736	938
738	929	432
738	744	417
739	747	475
739	748	153
739	735	729
740	741	520
740	729	358
740	746	887
741	740	520
741	1045	452
741	1047	735
742	753	280
742	755	823
742	743	43
743	929	945
743	930	647
743	931	412
743	742	43
744	738	417
744	745	940
744	927	153
745	1026	600
745	744	940
745	973	975
745	974	559
746	740	887
746	756	221
746	747	424
746	941	127
747	739	475
747	746	424
747	749	548
748	739	153
748	749	363
748	766	3
749	747	548
749	748	363
749	943	242
750	752	393
750	925	462
750	751	402
751	1025	134
751	973	708
751	750	402
751	975	891
752	1094	857
752	1099	645
752	750	393
753	754	163
753	742	280
753	774	884
754	753	163
754	929	412
754	10657	260
755	742	823
755	761	177
755	735	41
756	757	470
756	746	221
756	767	902
757	756	470
757	1045	718
757	1048	426
758	773	63
758	759	631
758	760	55
758	782	933
759	1024	855
759	758	631
759	940	148
759	1023	450
760	758	55
760	774	43
760	972	252
760	927	720
761	755	177
761	787	757
761	765	809
762	769	747
762	763	706
762	764	623
763	762	706
763	1051	433
763	764	779
764	762	623
764	1050	827
764	763	779
765	761	809
765	810	645
765	766	227
766	748	3
766	765	227
766	989	318
767	768	462
767	979	110
767	756	902
768	1051	179
768	1052	151
768	767	462
769	770	477
769	984	482
769	762	747
770	769	477
770	772	628
770	805	108
771	772	765
772	770	628
772	771	765
772	10583	946
773	758	63
773	774	739
773	793	736
774	753	884
774	773	739
774	760	43
774	938	650
775	776	991
775	1049	435
775	478	442
776	775	991
776	1053	281
776	478	806
777	708	801
777	789	518
777	790	254
778	804	193
778	779	160
778	780	565
778	958	549
779	778	160
779	1019	654
779	780	509
780	709	893
780	778	565
780	779	509
781	782	359
781	1134	321
781	783	286
782	758	933
782	793	799
782	940	973
782	781	359
783	781	286
784	785	543
784	801	470
784	786	970
785	784	543
786	784	970
787	791	822
787	761	757
787	938	410
788	789	216
788	790	983
788	796	977
789	788	216
789	709	6
789	777	518
790	788	983
790	777	254
790	797	86
791	787	822
791	937	412
791	795	238
792	793	639
792	794	106
792	814	901
792	815	809
793	773	736
793	792	639
793	794	679
793	782	799
794	792	106
794	793	679
794	938	21
794	939	960
795	801	45
795	791	238
795	936	613
796	788	977
796	699	157
796	797	284
797	790	86
797	700	220
797	796	284
798	800	692
798	807	674
798	799	179
799	960	419
799	798	179
799	958	677
799	1054	183
800	1053	693
800	798	692
800	1054	991
801	784	470
801	810	760
801	795	45
802	992	919
802	920	717
802	382	959
803	402	299
803	841	994
803	298	462
804	778	193
804	828	212
804	844	44
805	770	108
805	806	184
805	829	827
806	979	623
806	805	184
806	981	208
807	809	985
807	478	287
807	798	674
808	616	68
808	698	139
808	699	595
808	828	156
809	818	787
809	807	985
809	953	561
810	801	760
810	820	243
810	812	637
810	765	645
811	1013	544
811	616	365
811	831	523
812	823	909
812	810	637
812	813	603
813	812	603
813	941	993
813	942	538
813	943	75
814	837	576
814	792	901
814	824	760
815	837	902
815	792	809
815	875	420
816	817	686
816	818	17
816	840	637
816	830	476
817	816	686
817	976	862
817	1003	784
818	816	17
818	809	787
818	10457	295
819	832	9
819	820	954
819	845	625
820	833	520
820	819	954
820	951	657
820	810	243
821	835	797
821	822	229
821	823	182
822	821	229
823	821	182
823	951	100
823	812	909
823	942	589
824	1377	520
824	1145	900
824	814	760
824	1326	489
825	401	914
825	402	708
825	403	888
825	1020	850
826	842	899
826	827	810
826	828	522
826	847	669
827	1013	901
827	826	810
828	804	212
828	869	507
828	808	156
828	826	522
829	805	827
829	838	586
829	830	896
830	816	476
830	10458	103
830	829	896
831	624	664
831	842	197
831	811	523
832	833	615
832	834	449
832	819	9
833	832	615
833	834	341
833	820	520
833	936	219
834	832	449
834	833	341
834	937	884
834	939	900
835	836	424
835	821	797
835	838	272
836	835	424
837	866	769
837	814	576
837	815	902
838	835	272
838	858	97
838	829	586
839	852	314
839	840	869
839	959	638
840	816	637
840	839	869
840	952	630
840	953	413
841	1073	781
841	403	2
841	803	994
842	826	899
842	831	197
842	879	406
843	1010	589
843	869	985
843	844	472
843	846	973
844	1011	212
844	804	44
844	843	472
845	864	930
845	819	625
845	855	840
846	851	714
846	969	686
846	843	973
847	848	100
847	826	669
847	859	883
848	847	100
849	961	426
849	850	589
849	851	104
849	1005	265
850	849	589
850	962	656
850	851	206
850	959	68
851	849	104
851	850	206
851	970	144
851	846	714
852	839	314
852	856	121
852	862	206
853	85	44
854	9857	138
854	855	48
854	903	38
855	854	48
855	950	12
855	951	606
855	845	840
856	883	5
856	852	121
856	877	493
857	882	479
857	872	427
857	858	631
858	838	97
858	951	681
858	952	421
858	857	631
859	868	517
859	878	401
859	847	883
860	963	720
860	876	877
860	861	718
860	862	824
861	961	971
861	964	972
861	971	467
861	860	718
862	962	864
862	852	206
862	860	824
862	877	282
863	711	733
863	1039	673
864	867	275
864	950	524
864	845	930
865	866	328
865	870	738
865	886	850
866	865	328
866	945	137
866	837	769
867	864	275
867	874	284
867	893	683
868	869	286
868	966	605
868	859	517
869	868	286
869	1016	378
869	843	985
869	828	507
870	865	738
870	884	636
870	871	97
871	870	97
871	1326	488
872	2645	489
872	857	427
872	873	561
873	872	561
874	867	284
874	7539	965
874	894	597
875	888	867
875	891	413
875	815	420
876	880	14
876	2648	488
876	860	877
876	877	179
877	883	470
877	856	493
877	876	179
877	862	282
878	859	401
879	842	406
879	685	95
879	2669	92
880	881	55
880	2650	593
880	876	14
881	880	55
881	882	258
881	883	9
882	881	258
882	952	239
882	857	479
882	2686	295
883	881	9
883	856	5
883	952	180
883	877	470
884	3217	951
884	870	636
884	2671	719
885	897	901
885	946	231
885	886	296
886	944	327
886	865	850
886	945	482
886	885	296
887	888	934
887	889	891
887	894	875
888	948	519
888	887	934
888	875	867
888	891	947
889	887	891
890	891	435
890	892	983
890	2653	973
891	888	947
891	890	435
891	875	413
891	892	626
892	946	987
892	947	517
892	890	983
892	891	626
893	867	683
893	901	772
893	2646	202
894	994	791
894	2646	225
894	887	875
894	874	597
895	896	462
895	85	904
895	2726	116
896	895	462
897	885	901
898	7586	517
898	899	212
898	3049	467
899	898	212
899	10518	501
899	3114	776
900	901	971
901	900	971
901	1014	375
901	893	772
902	903	756
903	854	38
903	902	756
903	905	232
903	2652	777
904	905	967
905	903	232
905	904	967
905	1002	653
906	2727	951
906	907	386
906	9838	203
907	9825	429
907	9833	642
907	906	386
908	1017	167
908	955	261
908	909	898
909	954	361
909	955	957
909	908	898
910	1018	804
910	911	675
911	1008	789
911	1005	186
911	910	675
911	1007	40
912	913	242
912	1810	681
912	1817	61
912	2601	840
913	912	242
913	1432	726
913	2184	226
914	915	903
914	2184	92
914	1327	949
915	914	903
916	9409	26
916	917	24
916	1015	752
916	6251	503
917	9408	188
917	916	24
917	5895	921
918	1057	525
918	919	378
919	1060	523
919	710	433
919	918	378
920	802	717
921	710	497
921	714	926
922	713	404
922	714	65
922	1039	923
925	928	937
925	750	462
925	926	902
925	1023	160
926	1123	842
926	925	902
926	1022	624
927	929	609
927	744	153
927	760	720
927	972	4
928	1024	641
928	1025	33
928	925	937
928	1023	933
929	738	432
929	754	412
929	743	945
929	927	609
930	736	740
930	743	647
930	733	100
930	1055	321
931	932	592
931	725	511
931	743	412
931	1055	361
932	931	592
932	1043	549
933	934	388
933	953	923
934	960	485
934	933	388
935	936	527
936	833	219
936	935	527
936	937	601
936	795	613
937	834	884
937	791	412
937	936	601
937	939	468
938	787	410
938	774	650
938	794	21
938	939	856
939	834	900
939	937	468
939	794	960
939	938	856
940	759	148
940	1288	452
940	782	973
940	1022	640
941	746	127
941	813	993
941	990	442
942	823	589
942	813	538
943	749	242
943	813	75
944	3220	781
944	886	327
945	866	137
945	886	482
946	947	73
946	885	231
946	949	298
946	892	987
947	946	73
947	3220	28
947	892	517
948	888	519
949	946	298
950	864	524
950	1014	318
950	855	12
950	1002	64
951	820	657
951	823	100
951	855	606
951	858	681
952	882	239
952	883	180
952	840	630
952	858	421
953	933	923
953	10455	364
953	840	413
953	809	561
954	956	120
954	909	361
954	957	38
955	2647	17
955	908	261
955	909	957
956	969	499
956	954	120
956	970	227
956	957	243
957	966	803
957	968	414
957	954	38
957	956	243
958	960	226
958	778	549
958	1019	835
958	799	677
959	960	67
959	850	68
959	962	765
959	839	638
960	934	485
960	958	226
960	799	419
960	959	67
961	849	426
961	964	406
961	971	928
961	861	971
962	850	656
962	971	704
962	862	864
962	959	765
963	964	90
963	965	977
963	860	720
963	1004	465
964	961	406
964	963	90
964	861	972
965	963	977
965	3210	843
965	3213	811
965	3215	20
966	868	605
966	967	558
966	2649	30
966	957	803
967	966	558
968	1016	788
968	957	414
969	1016	680
969	970	1000
969	956	499
969	846	686
970	1008	14
970	851	144
970	969	1000
970	956	227
971	961	928
971	962	704
971	861	467
972	1024	149
972	760	252
972	974	241
972	927	4
973	1025	420
973	1026	780
973	745	975
973	751	708
974	1024	192
974	1025	633
974	745	559
974	972	241
975	1094	845
975	728	414
975	730	650
975	751	891
976	817	862
976	977	269
976	978	913
977	976	269
977	984	798
978	976	913
979	980	22
979	806	623
979	767	110
980	979	22
981	806	208
982	983	498
982	5370	359
982	6107	324
983	5346	687
983	10707	656
983	982	498
984	769	482
984	977	798
984	10961	351
985	1043	709
985	986	155
985	987	106
986	720	861
986	985	155
986	988	290
986	1037	649
987	985	106
988	986	290
988	732	506
988	1036	983
988	734	443
989	766	318
990	941	442
991	8464	130
991	993	695
991	363	182
992	802	919
993	991	695
994	3233	751
994	2653	180
994	894	791
995	996	681
995	8967	843
996	995	681
996	8969	181
996	7755	433
996	7791	365
997	998	382
997	7789	829
998	8916	74
998	997	382
998	7807	378
999	8721	71
999	1000	724
1000	9041	53
1000	8918	144
1000	999	724
1001	9077	858
1001	364	277
1001	8447	598
1002	950	64
1002	1014	31
1002	905	653
1003	817	784
1004	963	465
1004	1005	939
1004	1007	359
1005	849	265
1005	1004	939
1005	1006	668
1005	911	186
1006	1005	668
1007	1004	359
1007	3213	800
1007	911	40
1008	1017	908
1008	970	14
1008	1018	431
1008	911	789
1009	1027	984
1009	1028	637
1009	364	604
1009	1021	470
1010	843	589
1011	844	212
1012	624	617
1013	811	544
1013	827	901
1014	901	375
1014	950	318
1014	3224	923
1014	1002	31
1015	5906	888
1015	916	752
1015	6104	877
1016	869	378
1016	968	788
1016	969	680
1017	1008	908
1017	2651	258
1017	908	167
1018	1008	431
1018	3213	893
1018	910	804
1018	3214	472
1019	779	654
1019	958	835
1019	1054	917
1020	403	435
1020	1075	447
1020	825	850
1021	1009	470
1021	1172	546
1021	1253	207
1021	1246	150
1022	940	640
1022	1308	499
1022	926	624
1022	1023	888
1023	928	933
1023	759	450
1023	925	160
1023	1022	888
1024	928	641
1024	759	855
1024	972	149
1024	974	192
1025	928	33
1025	973	420
1025	974	633
1025	751	134
1026	737	826
1026	745	600
1026	973	780
1027	1009	984
1028	1009	637
1029	1030	296
1029	5150	780
1030	5152	125
1030	1029	296
1030	5145	641
1031	690	122
1031	691	54
1031	1749	660
1031	2165	325
1032	1683	528
1032	1033	255
1033	1032	255
1033	5147	907
1033	4589	657
1034	1035	793
1034	10126	980
1035	10118	67
1035	1034	793
1035	10138	801
1036	988	983
1037	1041	636
1037	986	649
1037	716	387
1037	1038	798
1038	1041	347
1038	717	182
1038	1037	798
1039	922	923
1039	863	673
1040	713	722
1040	717	508
1041	1042	361
1041	1037	636
1041	1038	347
1042	1041	361
1042	1043	579
1042	726	897
1043	1042	579
1043	932	549
1043	985	709
1044	726	655
1044	1046	700
1045	741	452
1045	757	718
1046	1044	700
1046	725	885
1046	1047	686
1047	741	735
1047	1046	686
1048	757	426
1048	1052	354
1049	775	435
1049	1050	41
1050	1049	41
1050	764	827
1051	768	179
1051	763	433
1052	768	151
1052	1048	354
1053	800	693
1053	776	281
1054	800	991
1054	1019	917
1054	799	183
1055	930	321
1055	931	361
1055	734	192
1056	2630	231
1056	647	159
1056	10106	416
1057	1264	447
1057	1061	730
1057	918	525
1058	1059	422
1058	1354	918
1059	1264	67
1059	1058	422
1059	10453	221
1060	1061	257
1060	919	523
1060	714	421
1060	715	973
1061	1057	730
1061	1060	257
1061	715	511
1061	1263	745
1062	1265	627
1062	1268	572
1062	1063	590
1063	1268	348
1063	1062	590
1063	1354	165
1064	722	215
1064	1079	360
1064	1065	996
1065	1064	996
1065	715	627
1065	1068	172
1066	1076	2
1066	1067	587
1066	1068	372
1067	1268	613
1067	1269	663
1067	1270	472
1067	1066	587
1068	1270	258
1068	1065	172
1068	1066	372
1069	722	386
1069	10454	38
1070	1072	168
1070	1077	287
1070	1071	721
1071	1267	842
1071	1303	993
1071	1070	721
1072	1074	20
1072	1078	359
1072	1070	168
1073	841	781
1074	1072	20
1074	1078	285
1074	1082	459
1075	1570	849
1075	1020	447
1075	301	959
1076	1077	445
1076	1269	696
1076	1080	7
1076	1081	109
1076	1066	2
1077	1266	469
1077	1076	445
1077	1276	483
1077	1070	287
1078	1072	359
1078	1074	285
1078	1083	886
1079	1089	685
1079	1064	360
1079	1081	389
1080	1076	7
1080	1081	234
1080	1087	33
1081	1089	543
1081	1076	109
1081	1079	389
1081	1080	234
1082	1074	459
1082	1085	706
1083	1092	174
1083	1078	886
1083	1276	533
1084	1093	390
1084	1085	61
1085	1092	128
1085	1082	706
1085	1084	61
1086	1088	884
1086	1090	338
1086	1087	455
1087	1080	33
1087	1277	150
1087	1086	455
1088	1089	465
1088	1094	766
1088	728	754
1088	1086	884
1089	1088	465
1089	1079	685
1089	728	883
1089	1081	543
1090	1091	319
1090	1097	981
1090	1086	338
1091	1090	319
1091	1276	981
1091	1101	498
1091	1277	628
1092	1104	545
1092	1083	174
1092	1275	423
1092	1085	128
1093	1105	862
1093	1098	952
1093	1084	390
1094	752	857
1094	1088	766
1094	975	845
1095	3473	734
1095	1463	2
1095	1096	110
1095	393	648
1096	1095	110
1096	1435	844
1096	1452	885
1097	1090	981
1097	1099	842
1097	1100	220
1098	1093	952
1098	1109	261
1098	1102	437
1099	752	645
1099	1123	717
1099	1097	842
1100	1106	97
1100	1097	220
1100	1101	747
1101	1091	498
1101	1274	453
1101	1275	980
1101	1100	747
1102	1110	759
1102	1111	986
1102	1098	437
1103	1104	877
1103	1105	919
1103	1107	170
1104	1092	545
1104	1103	877
1104	1279	935
1105	1093	862
1105	1334	616
1105	1103	919
1106	1272	188
1106	1274	10
1106	1100	97
1107	1108	167
1107	1109	818
1107	1103	170
1108	1107	167
1108	1274	609
1108	1278	818
1108	1279	228
1109	1107	818
1109	1111	978
1109	1127	618
1109	1098	261
1110	1115	622
1110	1116	807
1110	1102	759
1111	1109	978
1111	1117	855
1111	1102	986
1111	1119	851
1112	1126	387
1112	1113	240
1112	1114	504
1113	1335	885
1113	1112	240
1113	1272	346
1114	1112	504
1115	1121	417
1115	1110	622
1115	1116	147
1116	1110	807
1116	1115	147
1116	1117	948
1117	1137	571
1117	1111	855
1117	1116	948
1118	1285	483
1118	1119	982
1118	1135	489
1119	1284	923
1119	1111	851
1119	1127	792
1119	1118	982
1120	1121	515
1120	1347	861
1120	1125	879
1121	1120	515
1121	1115	417
1122	1123	475
1122	1129	449
1122	1309	14
1123	1122	475
1123	1272	585
1123	1099	717
1123	926	842
1124	1139	629
1124	1125	675
1124	1131	15
1124	1211	897
1125	1120	879
