10000	28366
0	1	673
0	6353	514
0	6309	124
1	0	673
2	3	918
2	4	352
2	7	322
3	2	918
3	309	827
4	273	773
4	2	352
4	274	390
4	388	610
5	6	616
5	8	805
5	9	496
6	305	373
6	5	616
6	309	284
6	310	102
7	16	636
7	2	322
7	8	65
7	3998	511
8	5	805
8	7	65
9	5	496
9	12	339
10	22	669
10	11	369
10	77	122
11	10	369
11	44	97
12	9	339
12	13	714
12	14	964
13	12	714
14	20	867
14	12	964
14	15	714
15	310	791
15	312	676
15	14	714
16	17	483
16	18	257
16	7	636
17	16	483
18	16	257
18	24	116
18	266	259
19	20	67
19	21	633
19	23	367
19	25	335
20	19	67
20	24	642
20	312	207
20	14	867
21	19	633
22	69	318
22	10	669
22	58	678
22	44	400
23	19	367
23	38	554
23	24	554
24	18	116
24	20	642
24	23	554
24	303	131
25	19	335
25	26	304
25	29	133
26	37	343
26	312	925
26	25	304
27	28	603
27	29	736
27	30	351
28	27	603
29	25	133
29	314	59
29	27	736
30	32	352
30	27	351
30	31	538
31	30	538
32	33	609
32	34	714
32	30	352
33	32	609
34	32	714
34	35	196
34	36	458
35	34	196
36	34	458
36	37	33
36	40	375
36	313	536
37	36	33
37	313	324
37	26	343
38	52	814
38	23	554
38	39	443
39	38	443
39	4027	689
39	317	25
39	303	251
40	67	659
40	36	375
40	45	785
41	57	438
41	42	894
41	43	560
42	279	998
42	41	894
42	8841	419
43	41	560
44	51	420
44	22	400
44	11	97
44	45	555
45	275	118
45	279	558
45	40	785
45	44	555
46	56	322
46	59	914
46	47	647
47	55	712
47	60	301
47	46	647
48	49	128
48	277	345
48	54	570
48	63	261
49	48	128
49	55	654
50	51	589
50	58	602
50	61	918
51	50	589
51	44	420
52	132	998
52	53	30
52	38	814
52	71	822
53	52	30
53	277	344
53	278	468
53	279	729
54	48	570
54	55	692
54	60	207
54	62	696
55	49	654
55	54	692
55	47	712
56	65	410
56	57	386
56	46	322
57	64	97
57	56	386
57	41	438
57	75	209
58	50	602
58	22	678
58	70	484
59	65	359
59	68	38
59	60	896
59	46	914
60	54	207
60	59	896
60	47	301
61	81	238
61	50	918
61	70	826
62	68	287
62	54	696
62	63	227
63	48	261
63	62	227
64	80	955
64	66	352
64	57	97
65	56	410
65	59	359
65	75	505
65	78	468
66	64	352
66	86	744
66	73	198
67	40	659
68	59	38
68	62	287
68	78	697
69	83	930
69	22	318
69	70	553
69	76	454
70	69	553
70	58	484
70	61	826
70	93	637
71	52	822
71	72	514
71	319	189
72	71	514
72	317	291
72	318	107
73	66	198
73	74	406
73	79	145
74	73	406
75	80	840
75	65	505
75	82	906
75	57	209
76	69	454
76	198	825
76	88	700
76	77	317
77	197	506
77	10	122
77	76	317
78	65	468
78	82	127
78	68	697
79	81	72
79	73	145
79	89	994
80	64	955
80	86	199
80	87	418
80	75	840
81	61	238
81	93	356
81	79	72
81	95	573
82	87	785
82	106	60
82	75	906
82	78	127
83	69	930
83	88	608
83	92	282
84	352	130
84	85	101
84	9833	728
85	84	101
85	853	782
85	895	460
86	80	199
86	66	744
86	89	720
86	94	693
87	80	418
87	82	785
87	99	568
87	94	847
88	96	219
88	83	608
88	387	330
88	76	700
89	97	120
89	86	720
89	79	994
89	95	165
90	400	975
90	1520	24
90	297	463
90	1642	727
90	91	25
91	295	685
91	297	168
91	345	950
91	90	25
92	96	643
92	98	844
92	83	282
92	93	90
93	81	356
93	70	637
93	92	90
94	97	598
94	86	693
94	87	847
94	108	339
95	81	573
95	101	972
95	102	259
95	89	165
96	103	658
96	88	219
96	104	202
96	92	643
97	102	990
97	89	120
97	107	463
97	94	598
98	101	390
98	104	431
98	92	844
99	100	447
99	3558	981
99	87	568
99	105	888
100	99	447
100	108	137
100	109	58
101	112	853
101	98	390
101	2339	354
101	95	972
102	97	990
102	113	295
102	95	259
102	111	109
103	96	658
103	115	813
103	124	315
104	96	202
104	98	431
104	115	745
104	120	745
105	99	888
105	9062	750
105	106	248
106	82	60
106	105	248
107	97	463
107	113	745
107	346	312
107	108	126
108	100	137
108	107	126
108	94	339
108	110	401
109	100	58
109	118	443
109	110	719
110	346	288
110	108	401
110	109	719
111	112	132
111	102	109
111	119	7
111	122	278
112	2339	55
112	101	853
112	111	132
113	114	748
113	102	295
113	121	876
113	107	745
114	113	748
115	128	576
115	103	813
115	104	745
115	120	233
115	123	660
116	117	734
116	133	719
116	118	963
117	116	734
117	9062	625
118	116	963
118	109	443
119	120	383
119	125	743
119	111	7
120	115	233
120	2339	928
120	119	383
120	104	745
121	113	876
121	122	33
121	126	619
122	121	33
122	125	31
122	111	278
122	127	493
123	115	660
123	136	432
123	124	612
124	103	315
124	123	612
124	347	388
125	128	765
125	129	983
125	119	743
125	122	31
126	130	30
126	121	619
126	127	757
127	129	447
127	134	121
127	122	493
127	126	757
128	115	576
128	138	345
128	125	765
129	137	679
129	125	983
129	127	447
130	131	86
130	134	451
130	126	30
131	130	86
132	52	998
132	151	345
132	152	282
133	116	719
134	130	451
134	137	981
134	142	855
134	127	121
135	8946	827
135	136	966
135	284	607
136	135	966
136	123	432
136	347	842
137	129	679
137	145	915
137	134	981
137	138	974
138	128	345
138	144	846
138	8855	399
138	137	974
139	2342	153
139	140	737
139	8862	730
140	8855	12
140	139	737
141	325	827
141	142	207
141	143	673
142	145	44
142	134	855
142	141	207
143	144	510
143	145	397
143	141	673
144	177	356
144	138	846
144	8862	374
144	143	510
145	137	915
145	142	44
145	143	397
146	147	889
146	148	997
146	149	539
147	146	889
147	148	57
147	150	334
147	412	242
148	146	997
148	147	57
148	324	73
148	278	764
149	161	525
149	146	539
149	150	194
150	147	334
150	149	194
150	406	295
150	411	944
151	132	345
151	153	668
151	156	176
152	132	282
152	153	814
152	154	976
153	8945	495
153	151	668
153	152	814
153	154	440
154	152	976
154	153	440
155	166	404
155	156	36
155	157	286
156	4323	18
156	278	367
156	151	176
156	155	36
157	162	93
157	170	616
157	155	286
158	160	350
158	280	265
158	159	170
159	280	376
159	282	489
159	158	170
160	158	350
161	149	525
161	328	332
161	175	26
162	157	93
163	164	920
163	180	624
163	165	279
164	163	920
164	180	485
164	327	832
165	163	279
165	166	188
165	171	405
166	165	188
166	155	404
166	332	888
167	168	912
167	169	49
167	172	128
168	167	912
168	281	609
168	286	466
169	167	49
170	4137	166
170	171	95
170	157	616
171	165	405
171	170	95
171	4139	107
172	176	864
172	292	591
172	167	128
173	176	14
173	174	738
173	175	672
174	173	738
175	161	26
175	178	908
175	173	672
176	178	229
176	172	864
176	173	14
177	144	356
178	176	229
178	181	432
178	175	908
179	180	310
179	184	40
179	185	841
180	163	624
180	179	310
180	164	485
181	178	432
181	182	400
181	183	366
182	181	400
183	291	817
183	181	366
183	185	877
184	179	40
185	179	841
185	183	877
185	186	203
186	185	203
186	187	180
186	188	917
187	336	594
187	186	180
187	333	908
188	289	232
188	194	527
188	186	917
189	193	543
189	190	548
189	191	243
190	5297	595
190	189	548
190	5294	374
191	4454	771
191	4444	584
191	189	243
192	193	635
192	196	744
193	192	635
193	189	543
193	9967	399
194	195	778
194	361	837
194	188	527
195	194	778
195	338	858
195	196	595
196	192	744
196	195	595
197	387	402
197	198	666
197	77	506
198	197	666
198	76	825
199	200	340
199	205	465
199	206	667
200	373	222
200	199	340
200	376	152
200	361	232
201	213	326
201	202	382
201	203	221
201	204	560
202	208	309
202	201	382
202	383	155
203	201	221
203	383	285
204	210	201
204	212	674
204	201	560
204	205	730
205	199	465
205	204	730
206	210	228
206	199	667
206	207	934
207	1203	60
207	376	415
207	206	934
208	209	827
208	213	646
208	214	775
208	202	309
209	208	827
209	288	49
209	290	407
209	287	498
210	211	104
210	215	467
210	204	201
210	206	228
211	210	104
211	1203	374
211	220	364
211	223	172
212	213	339
212	215	968
212	204	674
212	221	83
213	208	646
213	212	339
213	201	326
213	222	939
214	208	775
214	299	965
214	222	882
215	210	467
215	226	650
215	212	968
215	223	500
216	225	690
216	227	559
216	217	136
217	224	899
217	216	136
217	219	183
218	224	99
218	230	4
218	219	75
218	220	194
219	360	718
219	217	183
219	218	75
220	211	364
220	231	498
220	360	401
220	218	194
221	226	314
221	243	568
221	212	83
221	222	947
222	213	939
222	214	882
222	221	947
223	211	172
223	229	518
223	215	500
223	231	933
224	227	620
224	217	899
224	218	99
224	234	147
225	228	817
225	216	690
225	233	842
226	229	952
226	215	650
226	221	314
226	350	482
227	224	620
227	216	559
227	233	939
227	236	859
228	225	817
228	232	480
228	235	60
229	226	952
229	238	180
229	223	518
230	231	464
230	218	4
230	234	669
230	237	959
231	230	464
231	220	498
231	238	500
231	223	933
232	228	480
232	1380	668
232	1355	218
233	240	593
233	225	842
233	227	939
233	235	122
234	224	147
234	230	669
234	236	238
234	239	60
235	228	60
235	244	370
235	233	122
236	240	406
236	227	859
236	234	238
237	230	959
237	343	975
237	238	264
237	239	6
238	229	180
238	231	500
238	237	264
239	245	729
239	264	941
239	234	60
239	237	6
240	244	604
240	245	343
240	233	593
240	236	406
241	242	614
241	243	406
241	296	607
242	241	614
242	356	49
242	350	249
243	241	406
243	299	836
243	221	568
243	350	891
244	240	604
244	357	342
244	246	819
244	235	370
245	240	343
245	246	396
245	239	729
246	244	819
246	245	396
246	359	448
247	259	734
247	405	810
247	248	297
247	249	360
248	357	869
248	358	523
248	247	297
249	247	360
249	250	821
249	251	79
250	4211	707
250	405	594
250	263	5
250	249	821
251	258	38
251	263	663
251	249	79
252	256	220
252	253	755
252	254	849
253	294	844
253	252	755
254	252	849
255	256	120
255	257	677
255	260	755
256	293	168
256	341	20
256	252	220
256	255	120
257	297	964
257	255	677
258	259	323
258	265	983
258	251	38
259	258	323
259	247	734
259	1371	584
260	340	529
260	261	590
260	255	755
261	260	590
261	344	810
262	263	247
263	4245	952
263	262	247
263	250	5
263	251	663
264	4374	6
264	265	924
264	397	419
264	239	941
265	258	983
265	264	924
265	1371	928
266	18	259
266	303	532
267	321	829
267	306	813
267	268	648
267	269	244
268	321	101
268	1410	504
268	267	648
268	269	943
269	321	579
269	1400	695
269	267	244
269	268	943
270	272	430
270	1666	68
270	404	161
270	271	564
271	595	694
271	270	564
272	595	760
272	270	430
273	3872	791
273	4	773
273	3861	379
273	3862	948
274	4	390
274	309	520
274	3862	745
275	276	169
275	284	606
275	45	118
276	275	169
276	313	149
277	48	345
277	53	344
277	326	9
278	148	764
278	53	468
278	156	367
279	53	729
279	42	998
279	45	558
280	281	999
280	158	265
280	159	376
281	168	609
281	280	999
282	283	375
282	159	489
283	282	375
283	285	210
284	275	606
284	406	455
284	135	607
285	406	117
285	283	210
286	292	829
286	168	466
287	209	498
287	290	462
287	372	246
288	209	49
288	298	606
288	302	382
289	291	298
289	362	954
289	188	232
290	209	407
290	373	243
290	375	981
290	287	462
291	289	298
291	292	849
291	183	817
292	291	849
292	172	591
292	286	829
293	256	168
293	294	976
293	297	130
294	293	976
294	253	844
295	296	341
295	298	772
295	91	685
295	382	829
296	384	691
296	241	607
296	295	341
297	257	964
297	293	130
297	90	463
297	91	168
298	288	606
298	803	304
298	295	772
298	299	665
299	243	836
299	214	965
299	298	665
300	368	821
300	370	763
300	301	198
300	302	689
301	401	421
301	1075	879
301	300	198
302	288	382
302	401	699
302	371	266
302	300	689
303	304	360
303	39	251
303	24	131
303	266	532
304	7600	285
304	4027	726
304	303	360
305	6	373
306	1401	635
306	267	813
307	4114	125
307	4579	888
307	308	405
307	4479	654
308	307	405
309	274	520
309	3	827
309	6	284
310	6	102
310	311	68
310	15	791
311	310	68
312	20	207
312	26	925
312	15	676
313	36	536
313	276	149
313	37	324
314	315	121
314	316	969
314	29	59
315	314	121
316	314	969
317	39	25
317	4055	483
317	72	291
317	4041	761
318	72	107
319	320	677
319	4052	722
319	71	189
320	319	677
321	267	829
321	268	101
321	269	579
322	323	676
322	324	600
322	412	128
323	322	676
324	322	600
324	148	73
324	325	924
325	324	924
325	8951	777
325	141	827
326	277	9
327	164	832
327	328	905
327	329	771
327	4477	466
328	161	332
328	8933	737
328	327	905
328	4478	929
329	4144	397
329	327	771
329	330	755
330	329	755
330	331	322
331	8775	262
331	330	322
332	166	888
333	187	908
333	334	305
333	335	87
334	4149	232
334	4139	61
334	333	305
335	333	87
336	187	594
337	338	582
337	339	100
337	377	822
338	337	582
338	195	858
338	9407	471
339	337	100
340	260	529
340	341	579
340	348	614
341	256	20
341	416	157
341	340	579
341	342	324
342	341	324
343	237	975
344	261	810
344	345	533
345	403	262
345	344	533
345	91	950
345	382	641
346	107	312
346	110	288
347	136	842
347	124	388
348	416	944
348	340	614
348	349	519
349	348	519
350	226	482
350	242	249
350	243	891
350	351	857
351	350	857
352	84	130
353	354	598
353	355	469
353	7831	236
354	353	598
354	508	345
354	509	12
355	353	469
356	242	49
357	244	342
357	359	593
357	248	869
358	359	674
358	248	523
359	357	593
359	246	448
359	358	674
360	1203	548
360	219	718
360	220	401
361	194	837
361	200	232
361	377	66
361	362	66
362	289	954
362	361	66
362	367	353
363	4116	627
363	364	294
363	991	582
364	1009	669
364	1001	338
364	363	294
364	8892	875
365	9332	938
365	5117	860
365	366	727
366	4177	95
366	365	727
366	4109	442
367	374	228
367	362	353
368	369	831
368	370	33
368	300	821
369	368	831
369	419	619
369	486	568
370	368	33
370	371	361
370	300	763
371	370	361
371	372	344
371	302	266
372	371	344
372	287	246
373	290	243
373	374	179
373	375	191
373	200	222
374	373	179
374	375	76
374	367	228
375	290	981
375	373	191
375	374	76
376	391	333
376	200	152
376	377	76
376	207	415
377	337	822
377	391	537
377	376	76
377	361	66
378	4499	745
378	379	654
379	378	654
380	1539	233
380	4585	147
380	381	201
380	1534	622
380	1550	180
381	1364	658
381	380	201
381	1550	934
382	802	541
382	295	829
382	345	641
383	202	155
383	203	285
384	296	691
385	386	399
385	390	591
385	392	108
386	385	399
386	630	442
386	631	671
386	410	913
387	197	402
387	88	330
388	4	610
388	389	666
388	4005	351
388	4006	77
389	3872	740
389	3939	404
389	388	666
390	385	591
390	2161	504
390	392	596
390	410	105
391	405	495
391	376	333
391	377	537
392	385	108
392	390	596
392	1327	963
393	1488	459
393	1699	414
393	1095	999
393	394	705
394	1488	465
394	393	705
394	1469	47
394	398	268
395	6485	600
395	6489	530
395	396	614
396	6484	45
396	395	614
396	6700	632
397	400	612
397	420	502
397	264	419
398	394	268
398	1468	253
398	399	344
399	1472	974
399	1467	703
399	398	344
400	90	975
400	1642	137
400	397	612
401	402	788
401	825	499
401	301	421
401	302	699
402	401	788
402	803	387
402	825	465
403	345	262
403	825	167
403	841	366
403	1020	320
404	1398	959
404	407	959
404	425	951
404	270	161
405	247	810
405	391	495
405	250	594
406	150	295
406	284	455
406	285	117
407	404	959
407	408	10
407	425	986
408	407	10
408	409	574
408	1386	262
409	1667	445
409	408	574
409	1592	800
410	386	913
410	2164	461
410	390	105
410	1769	555
411	8946	356
411	8949	338
411	150	944
412	322	128
412	147	242
413	418	191
413	489	37
413	414	229
414	489	604
414	490	211
414	491	727
414	413	229
415	416	696
415	421	206
415	422	868
416	341	157
416	488	605
416	348	944
416	415	696
417	418	510
417	419	498
417	505	824
418	417	510
418	413	191
419	369	619
419	417	498
419	486	165
419	487	44
420	421	57
420	524	140
420	397	502
421	420	57
421	504	358
421	415	206
422	426	147
422	415	868
423	424	965
423	428	207
423	430	692
424	423	965
424	488	216
424	430	465
424	494	124
425	404	951
425	1396	968
425	407	986
426	422	147
426	427	568
427	432	77
427	426	568
427	428	346
428	496	715
428	423	207
428	488	526
428	427	346
429	434	190
429	430	184
429	431	886
430	434	175
430	423	692
430	424	465
430	429	184
431	443	489
431	429	886
432	515	238
432	456	807
432	427	77
433	434	379
433	443	302
433	492	945
434	433	379
434	443	673
434	429	190
434	430	175
435	436	507
435	437	95
435	438	202
436	529	121
436	435	507
436	527	283
437	435	95
438	435	202
438	536	919
438	600	494
439	452	514
439	440	299
439	508	535
440	515	985
440	439	299
440	601	656
441	4582	58
441	442	341
441	445	840
442	441	341
443	433	302
443	434	673
443	492	532
443	431	489
444	445	831
444	446	974
445	441	840
445	444	831
446	444	974
447	448	410
447	3791	591
448	3862	239
448	4285	643
448	447	410
449	450	976
449	485	769
449	4587	221
450	449	976
450	6792	836
450	6748	495
451	452	184
452	451	184
452	516	976
452	439	514
453	454	27
453	8265	110
454	498	936
454	453	27
454	7530	545
455	456	408
455	457	265
455	462	973
456	432	807
456	496	915
456	455	408
457	455	265
457	521	475
457	458	919
458	520	315
458	457	919
458	459	933
458	461	495
459	458	933
459	460	708
459	461	269
460	521	853
460	459	708
460	461	513
461	458	495
461	459	269
461	460	513
462	455	973
462	522	890
462	587	401
462	588	37
463	464	555
463	467	582
463	580	178
464	538	188
464	539	136
464	463	555
465	466	80
465	8788	170
465	7912	519
466	465	80
467	463	582
468	7936	986
468	469	35
468	470	631
469	579	410
469	468	35
469	580	185
470	468	631
471	472	891
471	475	72
472	471	891
472	573	440
473	474	489
473	2491	234
473	3499	187
473	1580	177
474	473	489
474	2491	744
474	3500	680
475	484	119
475	471	72
475	575	710
476	497	688
476	4645	480
476	477	562
477	530	741
477	4658	338
477	500	294
477	476	562
478	775	681
478	807	984
478	776	425
478	479	489
479	478	489
480	481	147
481	480	147
481	554	725
481	556	998
482	483	846
483	482	846
483	548	847
483	550	658
484	8563	423
484	475	119
485	449	769
485	5907	822
485	5909	1000
485	9113	551
486	369	568
486	419	165
486	487	490
487	419	44
487	596	341
487	486	490
488	416	605
488	424	216
488	428	526
489	602	470
489	604	841
489	413	37
489	414	604
490	491	213
490	603	654
490	414	211
491	596	37
491	490	213
491	414	727
492	433	945
492	443	532
492	493	9
492	527	251
493	492	9
494	424	124
494	505	958
494	507	266
495	496	471
496	456	915
496	428	715
496	495	471
497	4659	533
497	4979	343
497	476	688
498	499	428
498	454	936
498	8942	756
499	577	846
499	498	428
499	8557	86
500	4645	560
500	4646	952
500	4647	602
500	477	294
501	502	515
501	503	423
502	501	515
502	540	756
502	542	984
503	501	423
503	540	437
504	421	358
505	417	824
505	506	562
505	494	958
506	505	562
507	494	266
508	354	345
508	439	535
508	510	965
509	513	957
509	354	12
509	514	606
510	508	965
511	512	106
511	515	936
512	8789	404
512	511	106
513	509	957
514	509	606
515	432	238
515	440	985
515	511	936
516	452	976
517	518	828
517	519	282
517	8908	345
518	517	828
519	517	282
520	458	315
521	457	475
521	522	772
521	460	853
522	521	772
522	523	82
522	462	890
523	522	82
524	420	140
524	7705	801
524	525	571
524	526	173
525	4374	451
525	524	571
526	524	173
527	528	436
527	436	283
527	492	251
528	527	436
529	436	121
530	4657	167
530	531	840
530	4662	786
530	477	741
531	4977	138
531	530	840
531	4978	170
531	4975	205
532	4961	724
532	4642	971
532	533	443
532	537	638
533	4960	127
533	4961	5
533	532	443
533	4647	885
534	594	47
534	535	50
534	536	64
535	594	56
535	534	50
535	605	158
536	594	53
536	438	919
536	534	64
537	532	638
537	4971	868
537	4974	716
538	464	188
539	464	136
540	502	756
540	503	437
540	541	231
541	540	231
542	502	984
542	8445	67
542	543	707
543	544	857
543	547	422
543	542	707
544	8385	34
544	549	217
544	543	857
545	546	12
545	9115	747
545	9102	224
546	545	12
546	1998	254
546	9118	33
547	548	862
547	543	422
548	483	847
548	547	862
548	549	499
549	544	217
549	548	499
549	8391	108
549	8365	69
550	483	658
550	551	440
550	552	753
551	550	440
551	8360	519
551	8365	170
552	550	753
552	553	993
552	8330	438
553	552	993
553	554	44
553	8586	815
554	481	725
554	553	44
554	555	372
555	554	372
555	8266	390
555	8683	319
555	556	641
556	481	998
556	555	641
556	557	43
557	556	43
557	558	126
558	8280	697
558	557	126
558	559	870
559	597	457
559	598	409
559	558	870
560	561	544
560	8203	209
561	560	544
561	564	482
561	8171	175
562	563	183
562	564	494
562	565	924
563	8145	805
563	562	183
563	8157	147
564	561	482
564	562	494
564	8157	13
565	562	924
565	8130	612
565	566	375
566	565	375
566	567	901
566	8110	190
567	8083	396
567	566	901
567	568	714
568	567	714
568	571	643
569	570	300
569	571	657
569	572	25
570	569	300
571	568	643
571	569	657
571	8061	168
572	8676	985
572	569	25
572	575	648
573	576	398
573	472	440
573	574	992
574	8001	570
574	573	992
574	7999	8
575	8039	714
575	475	710
575	572	648
576	8465	130
576	8265	664
576	573	398
577	578	338
577	499	846
577	579	376
578	7968	978
578	577	338
578	7956	22
579	577	376
579	469	410
579	7957	579
580	469	185
580	581	762
580	463	178
581	580	762
581	582	701
581	583	463
582	581	701
583	581	463
583	584	266
583	585	537
584	583	266
585	583	537
585	586	452
585	587	443
586	585	452
587	585	443
587	588	417
587	462	401
588	587	417
588	589	770
588	462	37
589	588	770
589	590	501
589	591	1
590	589	501
591	592	951
591	593	306
591	589	1
592	591	951
593	591	306
593	607	38
594	534	47
594	535	56
594	536	53
595	272	760
595	1386	938
595	271	694
596	487	341
596	491	37
597	559	457
598	8277	20
598	559	409
599	600	998
599	607	57
600	438	494
600	599	998
601	440	656
602	489	470
602	603	472
602	604	602
603	490	654
603	602	472
604	489	841
604	602	602
604	605	216
605	535	158
605	604	216
605	606	179
606	605	179
607	593	38
607	599	57
608	609	143
608	610	16
608	612	514
608	682	723
609	608	143
609	684	352
609	702	747
610	608	16
610	698	447
610	683	631
610	702	820
611	612	149
611	613	335
611	614	83
612	608	514
612	611	149
612	619	162
612	684	107
613	611	335
613	684	172
613	703	770
614	611	83
614	618	970
614	622	731
615	616	2
615	617	819
615	623	38
616	615	2
616	808	491
616	811	798
617	615	819
618	659	324
618	614	970
618	619	866
619	612	162
619	618	866
619	682	996
619	683	314
620	628	269
620	1740	136
620	621	774
620	622	421
621	660	388
621	620	774
621	622	653
622	659	25
622	614	731
622	620	421
622	621	653
623	624	158
623	625	182
623	615	38
624	1012	144
624	623	158
624	831	256
625	626	96
625	623	182
626	625	96
626	634	850
626	685	395
627	628	177
627	629	662
627	637	402
627	638	414
628	627	177
628	695	952
628	620	269
629	627	662
629	668	727
629	637	573
629	669	735
630	386	442
630	631	191
630	686	112
631	386	671
631	707	457
631	630	191
632	1557	482
632	633	616
632	1514	689
633	2769	963
633	632	616
633	1514	539
634	626	850
634	645	394
634	635	348
635	659	312
635	646	12
635	634	348
635	683	548
636	672	491
636	637	771
636	639	193
637	627	402
637	629	573
637	636	771
637	639	680
638	627	414
638	653	593
638	639	759
639	636	193
639	637	680
639	653	406
639	638	759
640	641	486
640	673	74
640	642	256
641	640	486
641	672	421
641	673	201
641	654	930
641	655	186
642	640	256
642	649	630
642	651	132
643	657	572
643	644	62
643	650	797
644	643	62
644	664	932
644	665	865
644	666	722
645	646	998
645	2169	111
645	634	394
646	645	998
646	681	618
646	635	12
646	1758	431
647	1056	318
647	678	542
647	648	709
647	687	975
648	2160	957
648	647	709
648	1399	427
648	2621	530
649	642	630
649	650	604
649	651	707
650	656	244
650	643	797
650	649	604
651	642	132
651	649	707
651	655	715
652	653	881
652	654	120
652	670	692
653	667	950
653	652	881
653	638	593
653	639	406
654	641	930
654	674	534
654	652	120
654	655	318
654	671	556
655	641	186
655	676	185
655	651	715
655	654	318
656	657	375
656	658	87
656	676	705
656	650	244
657	656	375
657	643	572
657	677	790
658	656	87
658	691	272
658	1738	809
659	618	324
659	635	312
659	683	142
659	622	25
660	704	3
660	661	886
660	621	388
661	704	816
661	705	162
661	660	886
662	685	530
664	673	635
664	644	932
664	694	960
665	644	865
666	673	156
666	644	722
667	688	307
667	653	950
667	670	897
668	629	727
669	629	735
670	1737	549
670	667	897
670	652	692
670	671	563
671	674	244
671	654	556
671	670	563
672	641	421
672	636	491
673	640	74
673	641	201
673	664	635
673	666	156
674	675	19
674	654	534
674	671	244
674	1743	290
675	674	19
675	690	782
675	676	244
676	656	705
676	675	244
676	691	46
676	655	185
677	657	790
677	680	594
678	2166	604
678	647	542
678	1403	895
679	680	478
680	2164	367
680	677	594
680	1829	871
680	679	478
681	646	618
682	608	723
682	696	29
682	619	996
683	610	631
683	659	142
683	619	314
683	635	548
684	609	352
684	612	107
684	613	172
685	2689	516
685	626	395
685	662	530
685	879	448
686	692	611
686	630	112
686	687	766
687	647	975
687	686	766
688	689	428
688	1745	948
688	1737	871
688	667	307
689	688	428
690	675	782
690	691	757
690	1031	704
690	697	60
691	658	272
691	690	757
691	676	46
691	1031	818
692	686	611
692	2159	81
694	664	960
695	628	952
696	682	29
697	690	60
697	1748	580
697	1743	360
698	610	447
698	808	465
698	699	669
698	700	397
699	808	227
699	698	669
699	796	537
700	698	397
700	701	164
700	797	986
701	700	164
701	702	744
702	609	747
702	610	820
702	701	744
703	704	598
703	613	770
704	660	3
704	661	816
704	703	598
705	706	855
705	661	162
706	705	855
707	631	457
708	709	953
708	777	418
709	708	953
709	789	522
709	780	717
710	711	288
710	919	73
710	921	817
711	710	288
711	863	561
712	713	216
712	714	529
712	715	78
713	1040	44
713	712	216
713	922	553
714	1060	88
714	712	529
714	921	95
714	922	593
715	1060	170
715	1061	338
715	712	78
715	1065	712
716	720	302
716	717	294
716	1037	539
717	1040	579
717	716	294
717	1038	512
718	723	546
718	719	689
719	721	383
719	718	689
720	724	117
720	986	546
720	716	302
720	732	373
721	722	915
721	723	561
721	719	383
722	721	915
722	1064	895
722	1069	675
723	721	561
723	724	652
723	718	546
724	720	117
724	723	652
724	727	148
725	931	109
725	726	781
725	1046	101
725	729	564
726	1042	842
726	1044	323
726	725	781
727	724	148
727	728	269
727	730	418
728	1088	325
728	1089	230
728	727	269
728	975	24
729	740	226
729	725	564
729	735	533
730	737	570
730	727	418
730	975	22
731	736	510
731	732	991
731	733	880
732	720	373
732	731	991
732	988	118
733	736	551
733	930	493
733	731	880
733	734	541
734	988	872
734	733	541
734	1055	954
735	739	289
735	755	40
735	729	533
736	737	817
736	738	338
736	930	395
736	731	510
736	733	551
737	736	817
737	1026	395
737	730	570
738	736	338
738	929	699
738	744	381
739	747	829
739	748	539
739	735	289
740	741	720
740	729	226
740	746	957
741	740	720
741	1045	470
741	1047	268
742	753	191
742	755	285
742	743	179
743	929	174
743	930	657
743	931	867
743	742	179
744	738	381
744	745	562
744	927	73
745	1026	690
745	744	562
745	973	471
745	974	490
746	740	957
746	756	624
746	747	77
746	941	577
747	739	829
747	746	77
747	749	43
748	739	539
748	749	184
748	766	34
749	747	43
749	748	184
749	943	520
750	752	86
750	925	469
750	751	426
751	1025	10
751	973	93
751	750	426
751	975	263
752	1094	708
752	1099	856
752	750	86
753	754	119
753	742	191
753	774	212
754	753	119
754	929	449
755	742	285
755	761	479
755	735	40
756	757	87
756	746	624
756	767	769
757	756	87
757	1045	846
757	1048	245
758	773	669
758	759	452
758	760	599
758	782	733
759	1024	55
759	758	452
759	940	894
759	1023	888
760	758	599
760	774	807
760	972	891
760	927	604
761	755	479
761	787	952
761	765	766
762	769	475
762	763	968
762	764	943
763	762	968
763	1051	878
763	764	75
764	762	943
764	1050	793
764	763	75
765	761	766
765	810	340
765	766	374
766	748	34
766	765	374
766	989	887
767	768	582
767	979	155
767	756	769
768	1051	294
768	1052	732
768	767	582
769	770	847
769	984	598
769	762	475
770	769	847
770	772	636
770	805	40
771	772	968
772	770	636
772	771	968
773	758	669
773	774	634
773	793	945
774	753	212
774	773	634
774	760	807
774	938	72
775	776	501
775	1049	114
775	478	681
776	775	501
776	1053	797
776	478	425
777	708	418
777	789	601
777	790	392
778	804	731
778	779	662
778	780	485
778	958	233
779	778	662
779	1019	109
779	780	250
780	709	717
780	778	485
780	779	250
781	782	628
781	1134	584
781	783	739
782	758	733
782	793	785
782	940	885
782	781	628
783	781	739
784	785	358
784	801	319
784	786	585
785	784	358
786	784	585
787	791	313
787	761	952
787	938	476
788	789	288
788	790	986
788	796	42
789	788	288
789	709	522
789	777	601
790	788	986
790	777	392
790	797	288
791	787	313
791	937	998
791	795	892
792	793	735
792	794	765
792	814	6
792	815	180
793	773	945
793	792	735
793	794	243
793	782	785
794	792	765
794	793	243
794	938	90
794	939	439
795	801	799
795	791	892
795	936	599
796	788	42
796	699	537
796	797	70
797	790	288
797	700	986
797	796	70
798	800	245
798	807	606
798	799	927
799	960	750
799	798	927
799	958	412
799	1054	935
800	1053	216
800	798	245
800	1054	708
801	784	319
801	810	912
801	795	799
802	992	413
802	920	126
802	382	541
803	402	387
803	841	776
803	298	304
804	778	731
804	828	216
804	844	779
805	770	40
805	806	193
805	829	351
806	979	714
806	805	193
806	981	328
807	809	841
807	478	984
807	798	606
808	616	491
808	698	465
808	699	227
808	828	38
809	818	258
809	807	841
809	953	109
810	801	912
810	820	589
810	812	88
810	765	340
811	1013	370
811	616	798
811	831	244
812	823	725
812	810	88
812	813	997
813	812	997
813	941	342
813	942	497
813	943	512
814	837	663
814	792	6
814	824	582
815	837	806
815	792	180
815	875	658
816	817	704
816	818	88
816	840	566
816	830	408
817	816	704
817	976	900
817	1003	825
818	816	88
818	809	258
819	832	324
819	820	111
819	845	223
820	833	166
820	819	111
820	951	962
820	810	589
821	835	514
821	822	601
821	823	247
822	821	601
823	821	247
823	951	605
823	812	725
823	942	384
824	1377	376
824	1145	257
824	814	582
824	1326	246
825	401	499
825	402	465
825	403	167
825	1020	230
826	842	414
826	827	242
826	828	524
826	847	102
827	1013	937
827	826	242
828	804	216
828	869	930
828	808	38
828	826	524
829	805	351
829	838	173
829	830	387
830	816	408
830	829	387
831	624	256
831	842	464
831	811	244
832	833	487
832	834	428
832	819	324
833	832	487
833	834	568
833	820	166
833	936	693
834	832	428
834	833	568
834	937	853
834	939	47
835	836	654
835	821	514
835	838	746
836	835	654
837	866	496
837	814	663
837	815	806
838	835	746
838	858	695
838	829	173
839	852	845
839	840	996
839	959	15
840	816	566
840	839	996
840	952	130
840	953	572
841	1073	566
841	403	366
841	803	776
842	826	414
842	831	464
842	879	991
843	1010	31
843	869	677
843	844	718
843	846	891
844	1011	294
844	804	779
844	843	718
845	864	949
845	819	223
845	855	538
846	851	649
846	969	352
846	843	891
847	848	606
847	826	102
847	859	736
848	847	606
849	961	713
849	850	386
849	851	614
849	1005	913
850	849	386
850	962	13
850	851	304
850	959	918
851	849	614
851	850	304
851	970	355
851	846	649
852	839	845
852	856	284
852	862	7
853	85	782
854	9857	758
854	855	256
854	903	626
855	854	256
855	950	787
855	951	255
855	845	538
856	883	309
856	852	284
856	877	11
857	882	657
857	872	353
857	858	743
858	838	695
858	951	688
858	952	34
858	857	743
859	868	27
859	878	235
859	847	736
860	963	73
860	876	472
860	861	393
860	862	596
861	961	783
861	964	102
861	971	976
861	860	393
862	962	762
862	852	7
862	860	596
862	877	907
863	711	561
863	1039	980
864	867	938
864	950	428
864	845	949
865	866	484
865	870	840
865	886	509
866	865	484
866	945	609
866	837	496
867	864	938
867	874	439
867	893	615
868	869	203
868	966	509
868	859	27
869	868	203
869	1016	874
869	843	677
869	828	930
870	865	840
870	884	674
870	871	668
871	870	668
871	1326	350
872	2645	732
872	857	353
872	873	921
873	872	921
874	867	439
874	7539	179
874	894	240
875	888	302
875	891	788
875	815	658
876	880	836
876	2648	715
876	860	472
876	877	975
877	883	670
877	856	11
877	876	975
877	862	907
878	859	235
879	842	991
879	685	448
879	2669	526
880	881	333
880	2650	906
880	876	836
881	880	333
881	882	540
881	883	562
882	881	540
882	952	596
882	857	657
882	2686	1000
883	881	562
883	856	309
883	952	337
883	877	670
884	3217	726
884	870	674
884	2671	484
885	897	718
885	946	178
885	886	102
886	944	141
886	865	509
886	945	732
886	885	102
887	888	653
887	889	728
887	894	547
888	948	392
888	887	653
888	875	302
888	891	214
889	887	728
890	891	545
890	892	578
890	2653	275
891	888	214
891	890	545
891	875	788
891	892	184
892	946	587
892	947	487
892	890	578
892	891	184
893	867	615
893	901	867
893	2646	7
894	994	639
894	2646	675
894	887	547
894	874	240
895	896	532
895	85	460
895	2726	139
896	895	532
897	885	718
898	7586	819
898	899	626
898	3049	500
899	898	626
899	3114	422
900	901	683
901	900	683
901	1014	965
901	893	867
902	903	558
903	854	626
903	902	558
903	905	881
903	2652	473
904	905	954
905	903	881
905	904	954
905	1002	484
906	2727	609
906	907	84
906	9838	143
907	9825	54
907	9833	830
907	906	84
908	1017	153
908	955	522
908	909	595
909	954	271
909	955	463
909	908	595
910	1018	280
910	911	691
911	1008	721
911	1005	475
911	910	691
911	1007	191
912	913	572
912	1810	973
912	1817	405
912	2601	732
913	912	572
913	1432	183
913	2184	435
914	915	708
914	2184	251
914	1327	674
915	914	708
916	9409	341
916	917	231
916	1015	914
916	6251	285
917	9408	836
917	916	231
917	5895	573
918	1057	685
918	919	226
919	1060	231
919	710	73
919	918	226
920	802	126
921	710	817
921	714	95
922	713	553
922	714	593
922	1039	388
925	928	307
925	750	469
925	926	141
925	1023	346
926	1123	452
926	925	141
926	1022	93
927	929	196
927	744	73
927	760	604
927	972	194
928	1024	344
928	1025	367
928	925	307
928	1023	665
929	738	699
929	754	449
929	743	174
929	927	196
930	736	395
930	743	657
930	733	493
930	1055	205
931	932	483
931	725	109
931	743	867
931	1055	549
932	931	483
932	1043	103
933	934	827
933	953	76
934	960	210
934	933	827
935	936	871
936	833	693
936	935	871
936	937	612
936	795	599
937	834	853
937	791	998
937	936	612
937	939	288
938	787	476
938	774	72
938	794	90
938	939	908
939	834	47
939	937	288
939	794	439
939	938	908
940	759	894
940	1288	813
940	782	885
940	1022	828
941	746	577
941	813	342
941	990	529
942	823	384
942	813	497
943	749	520
943	813	512
944	3220	235
944	886	141
945	866	609
945	886	732
946	947	334
946	885	178
946	949	227
946	892	587
947	946	334
947	3220	324
947	892	487
948	888	392
949	946	227
950	864	428
950	1014	334
950	855	787
950	1002	24
951	820	962
951	823	605
951	855	255
951	858	688
952	882	596
952	883	337
952	840	130
952	858	34
953	933	76
953	840	572
953	809	109
954	956	861
954	909	271
954	957	665
955	2647	57
955	908	522
955	909	463
956	969	204
956	954	861
956	970	718
956	957	81
957	966	66
957	968	481
957	954	665
957	956	81
958	960	535
958	778	233
958	1019	941
958	799	412
959	960	430
959	850	918
959	962	456
959	839	15
960	934	210
960	958	535
960	799	750
960	959	430
961	849	713
961	964	330
961	971	633
961	861	783
962	850	13
962	971	699
962	862	762
962	959	456
963	964	236
963	965	104
963	860	73
963	1004	362
964	961	330
964	963	236
964	861	102
965	963	104
965	3210	10
965	3213	289
965	3215	663
966	868	509
966	967	269
966	2649	488
966	957	66
967	966	269
968	1016	485
968	957	481
969	1016	701
969	970	440
969	956	204
969	846	352
970	1008	143
970	851	355
970	969	440
970	956	718
971	961	633
971	962	699
971	861	976
972	1024	863
972	760	891
972	974	139
972	927	194
973	1025	195
973	1026	451
973	745	471
973	751	93
974	1024	808
974	1025	198
974	745	490
974	972	139
975	1094	697
975	728	24
975	730	22
975	751	263
976	817	900
976	977	47
976	978	794
977	976	47
977	984	839
978	976	794
979	980	552
979	806	714
979	767	155
980	979	552
981	806	328
982	983	297
982	5370	838
982	6107	24
983	5346	564
983	982	297
984	769	598
984	977	839
985	1043	41
985	986	77
985	987	694
986	720	546
986	985	77
986	988	220
986	1037	436
987	985	694
988	986	220
988	732	118
988	1036	676
988	734	872
989	766	887
990	941	529
991	8464	520
991	993	789
991	363	582
992	802	413
993	991	789
994	3233	718
994	2653	378
994	894	639
995	996	212
995	8967	170
996	995	212
996	8969	594
996	7755	593
996	7791	660
997	998	719
997	7789	204
998	8916	851
998	997	719
998	7807	218
999	8721	338
999	1000	811
1000	9041	830
1000	8918	233
1000	999	811
1001	9077	73
1001	364	338
1001	8447	890
1002	950	24
1002	1014	928
1002	905	484
1003	817	825
1004	963	362
1004	1005	301
1004	1007	257
1005	849	913
1005	1004	301
1005	1006	832
1005	911	475
1006	1005	832
1007	1004	257
1007	3213	536
1007	911	191
1008	1017	795
1008	970	143
1008	1018	65
1008	911	721
1009	1027	302
1009	1028	734
1009	364	669
1009	1021	932
1010	843	31
1011	844	294
1012	624	144
1013	811	370
1013	827	937
1014	901	965
1014	950	334
1014	3224	943
1014	1002	928
1015	5906	163
1015	916	914
1015	6104	149
1016	869	874
1016	968	485
1016	969	701
1017	1008	795
1017	2651	5
1017	908	153
1018	1008	65
1018	3213	985
1018	910	280
1018	3214	977
1019	779	109
1019	958	941
1019	1054	73
1020	403	320
1020	1075	458
1020	825	230
1021	1009	932
1021	1172	776
1021	1253	315
1021	1246	779
1022	940	828
1022	1308	141
1022	926	93
1022	1023	620
1023	928	665
1023	759	888
1023	925	346
1023	1022	620
1024	928	344
1024	759	55
1024	972	863
1024	974	808
1025	928	367
1025	973	195
1025	974	198
1025	751	10
1026	737	395
1026	745	690
1026	973	451
1027	1009	302
1028	1009	734
1029	1030	509
1029	5150	151
1030	5152	428
1030	1029	509
1030	5145	350
1031	690	704
1031	691	818
1031	1749	1000
1031	2165	376
1032	1683	909
1032	1033	101
1033	1032	101
1033	5147	159
1033	4589	460
1034	1035	957
1035	1034	957
1036	988	676
1037	1041	545
1037	986	436
1037	716	539
1037	1038	304
1038	1041	751
1038	717	512
1038	1037	304
1039	922	388
1039	863	980
1040	713	44
1040	717	579
1041	1042	858
1041	1037	545
1041	1038	751
1042	1041	858
1042	1043	66
1042	726	842
1043	1042	66
1043	932	103
1043	985	41
1044	726	323
1044	1046	653
1045	741	470
1045	757	846
1046	1044	653
1046	725	101
1046	1047	506
1047	741	268
1047	1046	506
1048	757	245
1048	1052	89
1049	775	114
1049	1050	300
1050	1049	300
1050	764	793
1051	768	294
1051	763	878
1052	768	732
1052	1048	89
1053	800	216
1053	776	797
1054	800	708
1054	1019	73
1054	799	935
1055	930	205
1055	931	549
1055	734	954
1056	2630	103
1056	647	318
1057	1264	742
1057	1061	993
1057	918	685
1058	1059	233
1058	1354	94
1059	1264	302
1059	1058	233
1060	1061	367
1060	919	231
1060	714	88
1060	715	170
1061	1057	993
1061	1060	367
1061	715	338
1061	1263	832
1062	1265	241
1062	1268	76
1062	1063	408
1063	1268	758
1063	1062	408
1063	1354	105
1064	722	895
1064	1079	802
1064	1065	57
1065	1064	57
1065	715	712
1065	1068	286
1066	1076	242
1066	1067	731
1066	1068	33
1067	1268	983
1067	1269	614
1067	1270	701
1067	1066	731
1068	1270	744
1068	1065	286
1068	1066	33
1069	722	675
1070	1072	46
1070	1077	579
1070	1071	849
1071	1267	822
1071	1303	447
1071	1070	849
1072	1074	914
1072	1078	283
1072	1070	46
1073	841	566
1074	1072	914
1074	1078	256
1074	1082	219
1075	1570	755
1075	1020	458
1075	301	879
1076	1077	494
1076	1269	956
1076	1080	257
1076	1081	909
1076	1066	242
1077	1266	231
1077	1076	494
1077	1276	112
1077	1070	579
1078	1072	283
1078	1074	256
1078	1083	997
1079	1089	736
1079	1064	802
1079	1081	811
1080	1076	257
1080	1081	907
1080	1087	207
1081	1089	668
1081	1076	909
1081	1079	811
1081	1080	907
1082	1074	219
1082	1085	590
1083	1092	967
1083	1078	997
1083	1276	921
1084	1093	489
1084	1085	398
1085	1092	439
1085	1082	590
1085	1084	398
1086	1088	230
1086	1090	701
1086	1087	296
1087	1080	207
1087	1277	748
1087	1086	296
1088	1089	248
1088	1094	651
1088	728	325
1088	1086	230
1089	1088	248
1089	1079	736
1089	728	230
1089	1081	668
1090	1091	910
1090	1097	870
1090	1086	701
1091	1090	910
1091	1276	69
1091	1101	598
1091	1277	948
1092	1104	447
1092	1083	967
1092	1275	950
1092	1085	439
1093	1105	604
1093	1098	235
1093	1084	489
1094	752	708
1094	1088	651
1094	975	697
1095	3473	190
1095	1463	272
1095	1096	908
1095	393	999
1096	1095	908
1096	1435	760
1096	1452	770
1097	1090	870
1097	1099	43
1097	1100	461
1098	1093	235
1098	1109	762
1098	1102	865
1099	752	856
1099	1123	863
1099	1097	43
1100	1106	429
1100	1097	461
1100	1101	857
1101	1091	598
1101	1274	106
1101	1275	264
1101	1100	857
1102	1110	747
1102	1111	560
1102	1098	865
1103	1104	396
1103	1105	331
1103	1107	288
1104	1092	447
1104	1103	396
1104	1279	341
1105	1093	604
1105	1334	521
1105	1103	331
1106	1272	320
1106	1274	788
1106	1100	429
1107	1108	507
1107	1109	981
1107	1103	288
1108	1107	507
1108	1274	764
1108	1278	454
1108	1279	815
1109	1107	981
1109	1111	730
1109	1127	203
1109	1098	762
1110	1115	78
1110	1116	682
1110	1102	747
1111	1109	730
1111	1117	853
1111	1102	560
1111	1119	272
1112	1126	585
1112	1113	275
1112	1114	260
1113	1335	305
1113	1112	275
1113	1272	141
1114	1112	260
1115	1121	556
1115	1110	78
1115	1116	134
1116	1110	682
1116	1115	134
1116	1117	48
1117	1137	356
1117	1111	853
1117	1116	48
1118	1285	557
1118	1119	257
1118	1135	321
1119	1284	667
1119	1111	272
1119	1127	798
1119	1118	257
1120	1121	271
1120	1347	674
1120	1125	651
1121	1120	271
1121	1115	556
1122	1123	757
1122	1129	647
1122	1309	188
1123	1122	757
1123	1272	928
1123	1099	863
1123	926	452
1124	1139	736
1124	1125	406
1124	1131	557
1124	1211	271
1125	1120	651
1125	1124	406
1126	1127	310
1126	1112	585
1126	1128	605
1127	1109	203
1127	1126	310
1127	1278	533
1127	1119	798
1128	1126	605
1128	1135	754
1128	1151	773
1129	1122	647
1129	1141	249
1129	1130	582
1130	1129	582
1131	1124	557
1131	1144	61
1132	1133	640
1132	1134	537
1132	1375	381
1133	1286	586
1133	1288	326
1133	1132	640
1133	1134	292
1134	1289	366
1134	1132	537
1134	781	584
1134	1133	292
1135	1128	754
1135	1118	321
1135	1151	577
1136	1152	572
1136	1137	45
1136	1138	106
1137	1136	45
1137	1284	370
1137	1117	356
1138	1136	106
1139	1155	59
1139	1124	736
1139	1177	438
1140	1141	716
1140	1286	717
1140	1143	914
1141	1140	716
1141	1143	564
1141	1129	249
1141	1308	860
1142	1143	321
1142	1147	492
1142	1148	389
1143	1140	914
1143	1141	564
1143	1142	321
1143	1287	158
1144	1156	934
1144	1304	907
1144	1131	61
1145	824	257
