20000	56568
0	1	325
0	6353	152
0	6309	450
1	0	325
2	3	661
2	4	177
2	7	85
3	2	661
3	309	894
4	273	76
4	2	177
4	274	630
4	388	349
5	6	828
5	8	149
5	9	510
6	305	825
6	5	828
6	309	122
6	310	178
7	16	556
7	2	85
7	8	717
7	3998	94
8	5	149
8	7	717
9	10464	584
9	5	510
9	12	347
10	22	722
10	11	594
10	77	759
11	10	594
11	44	658
12	9	347
12	13	605
12	14	467
13	12	605
14	20	960
14	12	467
14	15	483
15	310	116
15	312	49
15	14	483
16	17	716
16	18	590
16	7	556
17	16	716
18	16	590
18	24	485
18	266	137
19	20	673
19	21	548
19	23	677
19	25	453
20	19	673
20	24	442
20	312	601
20	14	960
21	19	548
22	69	141
22	10	722
22	58	207
22	44	811
23	19	677
23	38	648
23	24	85
24	18	485
24	20	442
24	23	85
24	303	756
25	19	453
25	26	653
25	29	840
26	37	165
26	312	748
26	25	653
27	28	918
27	29	997
27	30	75
28	27	918
29	25	840
29	314	360
29	27	997
30	32	425
30	27	75
30	31	130
31	30	130
32	33	707
32	34	441
32	30	425
33	32	707
34	32	441
34	35	528
34	36	826
35	34	528
36	34	826
36	37	451
36	40	379
36	313	348
37	36	451
37	313	164
37	26	165
38	52	707
38	23	648
38	39	559
39	38	559
39	4027	976
39	317	143
39	303	892
40	67	81
40	36	379
40	45	937
41	57	270
41	42	41
41	43	267
42	279	259
42	41	41
42	8841	125
43	41	267
44	51	622
44	22	811
44	11	658
44	45	111
45	275	691
45	279	192
45	40	937
45	44	111
46	56	309
46	59	483
46	47	957
47	55	200
47	60	301
47	46	957
48	49	359
48	277	457
48	54	550
48	63	211
49	48	359
49	55	785
50	51	504
50	58	119
50	61	689
51	50	504
51	44	622
52	132	595
52	53	978
52	38	707
52	71	916
53	52	978
53	277	718
53	278	111
53	279	308
54	48	550
54	55	575
54	60	941
54	62	223
55	49	785
55	54	575
55	47	200
56	65	778
56	57	669
56	46	309
57	64	504
57	56	669
57	41	270
57	75	224
58	50	119
58	22	207
58	70	499
59	65	156
59	68	598
59	60	777
59	46	483
60	54	941
60	59	777
60	47	301
61	81	783
61	50	689
61	70	64
62	68	335
62	54	223
62	63	198
63	48	211
63	62	198
64	80	326
64	66	694
64	57	504
65	56	778
65	59	156
65	75	615
65	78	11
66	64	694
66	86	307
66	73	186
67	40	81
68	59	598
68	62	335
68	78	377
69	83	400
69	22	141
69	70	468
69	76	313
70	69	468
70	58	499
70	61	64
70	93	1000
71	52	916
71	72	713
71	319	315
72	71	713
72	317	725
72	318	628
73	66	186
73	74	717
73	79	779
74	73	717
75	80	713
75	65	615
75	82	909
75	57	224
76	69	313
76	198	588
76	88	101
76	77	724
77	197	943
77	10	759
77	76	724
78	65	11
78	82	6
78	68	377
79	81	238
79	73	779
79	89	505
80	64	326
80	86	267
80	87	835
80	75	713
81	61	783
81	93	763
81	79	238
81	95	760
82	87	332
82	106	13
82	75	909
82	78	6
83	69	400
83	88	130
83	92	639
84	352	246
84	85	279
84	9833	148
85	84	279
85	853	199
85	895	522
86	80	267
86	66	307
86	89	243
86	94	712
87	80	835
87	82	332
87	99	230
87	94	198
88	96	169
88	83	130
88	387	129
88	76	101
89	97	475
89	86	243
89	79	505
89	95	960
90	400	526
90	1520	895
90	297	330
90	1642	853
90	91	8
91	295	382
91	297	563
91	345	734
91	90	8
92	96	265
92	98	714
92	83	639
92	93	456
93	81	763
93	70	1000
93	92	456
94	97	887
94	86	712
94	87	198
94	108	21
95	81	760
95	101	50
95	102	60
95	89	960
96	103	111
96	88	169
96	104	598
96	92	265
97	102	594
97	89	475
97	107	901
97	94	887
98	101	166
98	104	141
98	92	714
99	100	933
99	3558	572
99	87	230
99	105	647
100	99	933
100	108	974
100	109	692
101	112	163
101	98	166
101	2339	277
101	95	50
102	97	594
102	113	606
102	95	60
102	111	109
103	96	111
103	115	307
103	124	82
104	96	598
104	98	141
104	115	868
104	120	828
105	99	647
105	9062	13
105	106	151
106	82	13
106	105	151
107	97	901
107	113	542
107	346	122
107	108	73
108	100	974
108	107	73
108	94	21
108	110	473
109	100	692
109	118	637
109	110	782
110	346	20
110	108	473
110	109	782
111	112	883
111	102	109
111	119	147
111	122	134
112	2339	89
112	101	163
112	111	883
113	114	274
113	102	606
113	121	742
113	107	542
114	113	274
115	128	964
115	103	307
115	104	868
115	120	573
115	123	59
116	117	328
116	133	689
116	118	302
117	116	328
117	9062	318
118	116	302
118	109	637
119	120	837
119	125	742
119	111	147
120	115	573
120	2339	712
120	119	837
120	104	828
121	113	742
121	122	196
121	126	921
122	121	196
122	125	982
122	111	134
122	127	113
123	115	59
123	136	907
123	124	451
124	103	82
124	123	451
124	347	934
125	128	310
125	129	101
125	119	742
125	122	982
126	130	838
126	121	921
126	127	766
127	129	714
127	134	477
127	122	113
127	126	766
128	115	964
128	138	259
128	125	310
129	137	243
129	125	101
129	127	714
130	131	409
130	134	257
130	126	838
131	130	409
132	52	595
132	151	770
132	152	318
133	116	689
134	130	257
134	137	441
134	142	529
134	127	477
135	8946	184
135	136	649
135	284	761
136	135	649
136	123	907
136	347	548
137	129	243
137	145	304
137	134	441
137	138	77
138	128	259
138	144	827
138	8855	791
138	137	77
139	2342	802
139	140	28
139	8862	879
140	8855	914
140	139	28
141	325	562
141	142	875
141	143	282
142	145	830
142	134	529
142	141	875
143	144	811
143	145	524
143	141	282
144	177	139
144	138	827
144	8862	767
144	143	811
145	137	304
145	142	830
145	143	524
146	147	733
146	148	887
146	149	578
147	146	733
147	148	541
147	150	530
147	412	431
148	146	887
148	147	541
148	324	747
148	278	249
149	161	112
149	146	578
149	150	707
150	147	530
150	149	707
150	406	551
150	411	256
151	132	770
151	153	684
151	156	618
152	132	318
152	153	607
152	154	666
153	8945	495
153	151	684
153	152	607
153	154	186
154	152	666
154	153	186
155	166	715
155	156	402
155	157	950
156	4323	760
156	278	401
156	151	618
156	155	402
157	162	680
157	170	65
157	155	950
158	160	930
158	280	700
158	159	924
159	280	15
159	282	887
159	158	924
160	158	930
161	149	112
161	328	436
161	175	83
162	157	680
163	164	114
163	180	607
163	165	694
164	163	114
164	180	943
164	327	123
165	163	694
165	166	44
165	171	37
166	165	44
166	155	715
166	332	247
167	168	225
167	169	447
167	172	317
168	167	225
168	281	332
168	286	350
169	167	447
170	4137	48
170	171	568
170	157	65
171	165	37
171	170	568
171	4139	582
172	176	773
172	292	590
172	167	317
173	176	600
173	174	185
173	175	110
174	173	185
175	161	83
175	178	644
175	173	110
176	178	352
176	172	773
176	173	600
177	144	139
178	176	352
178	181	564
178	175	644
179	180	854
179	184	169
179	185	995
180	163	607
180	179	854
180	164	943
181	178	564
181	182	381
181	183	608
182	181	381
183	291	558
183	181	608
183	185	63
184	179	169
185	179	995
185	183	63
185	186	195
186	185	195
186	187	20
186	188	277
187	336	592
187	186	20
187	333	699
188	289	246
188	194	226
188	186	277
189	193	379
189	190	952
189	191	415
190	5297	213
190	189	952
190	5294	971
191	4454	189
191	4444	215
191	189	415
192	193	212
192	196	948
192	10687	572
193	192	212
193	189	379
193	9967	187
194	195	648
194	361	361
194	188	226
195	194	648
195	338	763
195	196	750
196	192	948
196	10400	597
196	195	750
197	387	972
197	198	248
197	77	943
198	197	248
198	76	588
198	10925	284
199	200	605
199	205	35
199	206	205
200	373	814
200	199	605
200	376	841
200	361	957
201	213	67
201	202	5
201	203	401
201	204	112
202	208	66
202	201	5
202	383	161
203	201	401
203	383	904
204	210	430
204	212	785
204	201	112
204	205	908
205	199	35
205	204	908
206	210	950
206	199	205
206	207	204
207	1203	135
207	376	58
207	206	204
208	209	634
208	213	671
208	214	246
208	202	66
209	208	634
209	288	943
209	290	56
209	287	562
210	211	468
210	215	114
210	204	430
210	206	950
211	210	468
211	1203	699
211	220	767
211	223	57
212	213	930
212	215	610
212	204	785
212	221	674
213	208	671
213	212	930
213	201	67
213	222	153
214	208	246
214	299	987
214	222	574
215	210	114
215	226	539
215	212	610
215	223	323
216	225	737
216	227	816
216	217	462
216	10893	300
217	224	940
217	216	462
217	219	365
218	224	128
218	230	549
218	219	767
218	220	860
219	360	533
219	217	365
219	218	767
220	211	767
220	231	926
220	360	483
220	218	860
221	226	477
221	243	313
221	212	674
221	222	19
222	213	153
222	214	574
222	221	19
223	211	57
223	229	638
223	215	323
223	231	649
224	227	134
224	217	940
224	218	128
224	234	728
225	228	605
225	216	737
225	233	405
226	229	846
226	215	539
226	221	477
226	350	251
227	224	134
227	216	816
227	233	140
227	236	529
228	225	605
228	232	751
228	235	929
229	226	846
229	238	312
229	223	638
230	231	157
230	218	549
230	234	360
230	237	349
231	230	157
231	220	926
231	238	859
231	223	649
232	228	751
232	1380	118
232	1355	529
233	240	658
233	225	405
233	227	140
233	235	479
234	224	728
234	230	360
234	236	95
234	239	651
235	228	929
235	244	342
235	233	479
236	240	68
236	227	529
236	234	95
237	230	349
237	343	644
237	238	930
237	239	574
238	229	312
238	231	859
238	237	930
239	245	243
239	264	194
239	234	651
239	237	574
240	244	380
240	245	834
240	233	658
240	236	68
241	242	738
241	243	450
241	296	308
242	241	738
242	356	695
242	350	430
243	241	450
243	299	2
243	221	313
243	350	511
244	240	380
244	357	556
244	246	818
244	235	342
245	240	834
245	246	542
245	239	243
246	244	818
246	245	542
246	359	335
247	259	625
247	405	753
247	248	819
247	249	11
248	357	640
248	358	97
248	247	819
249	247	11
249	250	336
249	251	437
250	4211	654
250	405	764
250	263	859
250	249	336
251	258	635
251	263	716
251	249	437
252	256	310
252	253	990
252	254	686
253	294	424
253	10841	813
253	252	990
254	10755	417
254	10757	835
254	252	686
255	256	140
255	257	315
255	260	976
256	293	805
256	341	122
256	252	310
256	255	140
257	10721	482
257	297	314
257	255	315
258	259	100
258	265	953
258	251	635
259	258	100
259	247	625
259	1371	478
260	340	778
260	261	224
260	255	976
261	260	224
261	344	414
262	263	254
263	4245	136
263	262	254
263	250	859
263	251	716
264	4374	273
264	265	402
264	397	610
264	239	194
265	258	953
265	264	402
265	1371	861
266	18	137
266	303	359
267	321	566
267	306	382
267	268	33
267	269	642
268	321	91
268	1410	91
268	267	33
268	269	312
269	321	541
269	1400	464
269	267	642
269	268	312
270	272	218
270	1666	110
270	404	876
270	271	109
271	595	21
271	10476	789
271	270	109
272	595	264
272	10109	497
272	270	218
273	3872	481
273	4	76
273	3861	667
273	3862	77
274	4	630
274	309	714
274	3862	531
275	276	683
275	284	689
275	45	691
276	275	683
276	313	493
277	48	457
277	53	718
277	326	190
278	148	249
278	53	111
278	156	401
279	53	308
279	42	259
279	45	192
280	281	805
280	158	700
280	159	15
281	168	332
281	280	805
282	283	518
282	159	887
283	282	518
283	285	396
284	275	689
284	406	603
284	135	761
285	406	625
285	283	396
286	292	574
286	168	350
287	209	562
287	290	185
287	372	281
288	209	943
288	298	189
288	302	873
289	291	411
289	362	24
289	188	246
290	209	56
290	373	739
290	375	50
290	287	185
291	289	411
291	292	897
291	183	558
292	291	897
292	172	590
292	286	574
293	256	805
293	10721	109
293	294	960
293	297	968
294	293	960
294	10841	117
294	253	424
295	296	326
295	298	295
295	91	382
295	382	932
296	384	420
296	241	308
296	295	326
297	257	314
297	293	968
297	90	330
297	91	563
298	288	189
298	803	358
298	295	295
298	299	88
299	243	2
299	214	987
299	298	88
300	368	370
300	370	687
300	301	833
300	302	631
301	401	477
301	1075	275
301	300	833
302	288	873
302	401	67
302	371	664
302	300	631
303	304	370
303	39	892
303	24	756
303	266	359
304	7600	40
304	4027	180
304	303	370
305	6	825
306	10470	522
306	1401	779
306	267	382
307	4114	828
307	4579	787
307	308	928
307	4479	135
308	307	928
308	10614	62
309	274	714
309	3	894
309	6	122
310	6	178
310	311	905
310	15	116
311	10464	357
311	310	905
312	20	601
312	26	748
312	15	49
313	36	348
313	276	493
313	37	164
314	315	208
314	316	957
314	29	360
315	314	208
316	314	957
317	39	143
317	4055	84
317	72	725
317	4041	23
318	72	628
319	320	114
319	4052	462
319	71	315
320	319	114
321	267	566
321	268	91
321	269	541
322	323	994
322	324	796
322	412	594
323	322	994
324	322	796
324	148	747
324	325	235
325	324	235
325	8951	897
325	141	562
326	277	190
327	164	123
327	328	770
327	329	969
327	4477	833
328	161	436
328	8933	477
328	327	770
328	4478	788
329	4144	50
329	327	969
329	330	830
330	329	830
330	331	471
331	8775	961
331	330	471
332	166	247
333	187	699
333	334	599
333	335	756
334	4149	451
334	4139	89
334	333	599
335	333	756
336	187	592
337	338	644
337	339	585
337	377	863
338	337	644
338	195	763
338	9407	961
339	337	585
340	260	778
340	341	56
340	348	26
341	256	122
341	416	135
341	340	56
341	342	692
342	341	692
343	237	644
344	261	414
344	345	322
345	403	973
345	344	322
345	91	734
345	382	267
346	107	122
346	110	20
347	136	548
347	124	934
348	416	620
348	340	26
348	349	392
349	348	392
350	226	251
350	242	430
350	243	511
350	351	339
351	350	339
352	84	246
353	354	820
353	355	797
353	7831	761
354	353	820
354	508	907
354	509	622
355	353	797
356	242	695
357	244	556
357	359	778
357	248	640
358	359	758
358	248	97
359	357	778
359	246	335
359	358	758
360	1203	10
360	219	533
360	220	483
361	194	361
361	200	957
361	377	837
361	362	230
362	289	24
362	361	230
362	367	87
363	4116	581
363	364	268
363	991	877
364	1009	282
364	1001	569
364	363	268
364	8892	889
365	9332	434
365	10361	630
365	5117	830
365	366	626
366	4177	445
366	365	626
366	4109	551
367	374	298
367	362	87
368	369	385
368	370	456
368	300	370
369	368	385
369	419	133
369	486	695
370	368	456
370	371	131
370	300	687
371	370	131
371	372	482
371	302	664
372	371	482
372	287	281
373	290	739
373	374	728
373	375	65
373	200	814
374	373	728
374	375	608
374	367	298
375	290	50
375	373	65
375	374	608
376	391	551
376	200	841
376	377	105
376	207	58
377	337	863
377	391	155
377	376	105
377	361	837
378	4499	930
378	10425	6
378	379	612
379	378	612
380	1539	14
380	4585	862
380	381	301
380	1534	234
380	1550	240
381	1364	59
381	380	301
381	10141	294
381	1550	201
382	802	957
382	295	932
382	345	267
383	202	161
383	203	904
384	296	420
385	386	936
385	390	407
385	392	39
386	385	936
386	630	972
386	631	104
386	410	564
387	197	972
387	88	129
388	4	349
388	389	541
388	4005	544
388	4006	518
389	3872	535
389	3939	185
389	388	541
390	385	407
390	2161	851
390	392	575
390	410	146
391	405	924
391	376	551
391	377	155
392	385	39
392	390	575
392	1327	553
393	1488	402
393	1699	864
393	1095	138
393	394	831
394	1488	485
394	393	831
394	1469	385
394	398	737
395	6485	860
395	6489	621
395	396	234
396	6484	93
396	395	234
396	6700	8
397	400	873
397	420	815
397	264	610
398	394	737
398	10346	500
398	1468	946
398	399	860
399	1472	32
399	10810	330
399	1467	462
399	398	860
400	90	526
400	1642	254
400	397	873
401	402	362
401	825	913
401	301	477
401	302	67
402	401	362
402	803	14
402	825	758
403	345	973
403	825	222
403	841	452
403	1020	971
404	1398	248
404	407	602
404	425	941
404	270	876
405	247	753
405	391	924
405	250	764
406	150	551
406	284	603
406	285	625
407	404	602
407	408	33
407	425	969
408	407	33
408	409	147
408	1386	155
409	1667	548
409	408	147
409	1592	852
410	386	564
410	2164	343
410	390	146
410	1769	258
411	8946	319
411	8949	97
411	150	256
412	322	594
412	147	431
412	10926	11
413	418	476
413	489	12
413	414	120
414	489	38
414	490	586
414	491	465
414	413	120
415	416	861
415	421	184
415	422	676
416	341	135
416	488	46
416	348	620
416	415	861
417	418	222
417	419	825
417	505	740
418	417	222
418	10837	699
418	413	476
419	369	133
419	417	825
419	486	107
419	487	716
420	421	208
420	524	453
420	397	815
421	420	208
421	504	125
421	415	184
422	426	186
422	415	676
423	424	421
423	428	26
423	430	531
424	423	421
424	488	717
424	430	411
424	494	562
425	404	941
425	1396	386
425	407	969
426	422	186
426	427	510
427	432	61
427	426	510
427	428	709
428	496	229
428	423	26
428	488	478
428	427	709
429	434	897
429	430	1000
429	431	796
430	434	74
430	423	531
430	424	411
430	429	1000
431	10838	283
431	443	935
431	429	796
432	515	426
432	456	510
432	427	61
433	434	775
433	10725	273
433	443	855
433	492	219
434	433	775
434	443	747
434	429	897
434	430	74
435	436	747
435	437	14
435	438	854
436	529	147
436	435	747
436	527	880
437	435	14
438	435	854
438	536	329
438	600	726
439	452	469
439	440	572
439	508	744
440	515	348
440	439	572
440	601	559
441	4582	902
441	442	368
441	445	679
442	441	368
443	433	855
443	434	747
443	492	887
443	431	935
444	10283	925
444	445	207
444	446	712
445	10263	326
445	441	679
445	444	207
446	444	712
447	448	281
447	3791	924
448	3862	318
448	4285	235
448	447	281
449	450	130
449	485	939
449	4587	611
450	449	130
450	6792	908
450	6748	246
451	452	466
452	451	466
452	516	666
452	439	469
453	454	23
453	8265	124
454	498	296
454	453	23
454	7530	102
455	456	759
455	457	588
455	462	213
456	432	510
456	496	938
456	455	759
457	455	588
457	521	684
457	458	697
458	520	932
458	457	697
458	459	77
458	461	335
459	458	77
459	460	748
459	461	395
460	521	12
460	459	748
460	461	669
461	458	335
461	459	395
461	460	669
462	455	213
462	522	727
462	587	16
462	588	629
463	464	178
463	467	921
463	580	264
464	538	469
464	539	560
464	463	178
465	466	263
465	8788	534
465	7912	470
466	465	263
467	463	921
468	7936	248
468	469	629
468	470	845
469	579	981
469	468	629
469	580	991
470	468	845
471	472	521
471	475	306
472	471	521
472	573	797
473	474	948
473	2491	480
473	3499	677
473	1580	73
474	473	948
474	2491	429
474	3500	143
475	484	567
475	471	306
475	575	248
476	497	493
476	4645	62
476	477	17
477	530	500
477	4658	122
477	500	279
477	476	17
478	775	231
478	807	856
478	776	564
478	479	181
479	478	181
480	481	254
481	480	254
481	554	801
481	556	754
482	483	343
483	482	343
483	548	203
483	550	122
484	8563	423
484	475	567
485	449	939
485	5907	903
485	5909	523
485	9113	757
486	369	695
486	419	107
486	487	622
487	419	716
487	596	518
487	486	622
488	416	46
488	424	717
488	428	478
489	602	352
489	604	630
489	413	12
489	414	38
490	491	908
490	603	100
490	414	586
491	596	751
491	490	908
491	414	465
492	433	219
492	443	887
492	493	808
492	527	369
493	492	808
494	424	562
494	505	336
494	507	1
495	496	821
496	456	938
496	428	229
496	495	821
497	4659	985
497	4979	469
497	476	493
498	499	623
498	454	296
498	8942	668
499	577	588
499	498	623
499	8557	931
500	4645	60
500	4646	838
500	4647	789
500	477	279
501	502	214
501	503	217
502	501	214
502	540	684
502	542	842
503	501	217
503	540	773
504	421	125
505	417	740
505	506	154
505	494	336
506	505	154
507	494	1
508	354	907
508	439	744
508	510	588
509	513	323
509	354	622
509	514	868
510	508	588
511	512	284
511	515	693
512	8789	901
512	511	284
513	10843	995
513	509	323
514	509	868
515	432	426
515	440	348
515	511	693
516	452	666
517	518	364
517	519	395
517	8908	242
518	517	364
519	517	395
520	458	932
521	457	684
521	522	944
521	460	12
522	521	944
522	523	413
522	462	727
523	522	413
524	420	453
524	7705	398
524	525	242
524	526	614
525	4374	446
525	524	242
526	524	614
527	528	920
527	436	880
527	492	369
528	527	920
529	436	147
530	4657	403
530	531	383
530	4662	581
530	477	500
531	4977	535
531	530	383
531	4978	124
531	4975	257
532	4961	636
532	4642	210
532	533	99
532	537	2
533	4960	809
533	4961	354
533	532	99
533	4647	784
534	594	193
534	535	412
534	536	46
535	594	158
535	534	412
535	605	401
536	594	926
536	438	329
536	534	46
537	532	2
537	4971	180
537	4974	543
538	464	469
539	464	560
540	502	684
540	503	773
540	541	792
541	540	792
541	10317	815
542	502	842
542	8445	968
542	543	334
543	544	32
543	547	670
543	542	334
544	8385	66
544	549	891
544	543	32
545	546	699
545	9115	208
545	9102	636
546	545	699
546	1998	655
546	9118	394
547	548	625
547	543	670
548	483	203
548	547	625
548	549	822
549	544	891
549	548	822
549	8391	845
549	8365	342
550	483	122
550	551	565
550	552	403
551	550	565
551	8360	673
551	8365	555
552	550	403
552	553	718
552	8330	934
553	552	718
553	554	126
553	8586	586
554	481	801
554	553	126
554	555	683
555	554	683
555	8266	262
555	8683	773
555	556	457
556	481	754
556	555	457
556	557	276
557	556	276
557	558	133
558	8280	957
558	557	133
558	559	623
559	597	892
559	598	554
559	558	623
560	561	975
560	10547	720
560	8203	880
561	560	975
561	564	650
561	8171	541
562	563	418
562	564	166
562	565	79
563	8145	909
563	10401	890
563	562	418
563	8157	492
564	561	650
564	562	166
564	8157	411
565	562	79
565	8130	511
565	566	317
566	565	317
566	567	717
566	8110	514
567	8083	879
567	566	717
567	568	347
568	567	347
568	571	615
569	570	702
569	571	904
569	572	622
570	569	702
571	568	615
571	569	904
571	8061	454
572	8676	265
572	569	622
572	575	201
573	576	329
573	472	797
573	574	455
574	8001	76
574	573	455
574	7999	466
575	8039	233
575	475	248
575	572	201
576	8465	909
576	8265	169
576	573	329
577	578	230
577	499	588
577	579	775
578	7968	328
578	577	230
578	7956	501
579	577	775
579	469	981
579	7957	329
580	469	991
580	581	682
580	463	264
581	580	682
581	582	507
581	583	679
582	581	507
583	581	679
583	584	769
583	585	941
584	583	769
585	583	941
585	586	810
585	587	49
586	585	810
587	585	49
587	588	371
587	462	16
588	587	371
588	589	145
588	462	629
589	588	145
589	590	271
589	591	418
590	10725	763
590	10726	12
590	589	271
591	592	356
591	593	616
591	589	418
592	591	356
593	591	616
593	607	799
594	534	193
594	535	158
594	536	926
595	272	264
595	1386	255
595	271	21
596	487	518
596	491	751
597	10547	353
597	559	892
598	10851	273
598	8277	477
598	10549	149
598	559	554
599	600	383
599	607	472
600	438	726
600	599	383
601	440	559
601	10843	769
601	10844	811
602	489	352
602	603	982
602	604	388
603	490	100
603	602	982
604	489	630
604	602	388
604	605	564
605	535	401
605	604	564
605	606	684
606	605	684
607	593	799
607	599	472
608	609	51
608	610	626
608	612	80
608	682	706
609	608	51
609	684	701
609	702	736
610	608	626
610	698	714
610	683	428
610	702	235
611	612	311
611	613	253
611	614	659
612	608	80
612	611	311
612	619	7
612	684	134
613	611	253
613	684	799
613	703	286
614	611	659
614	618	428
614	622	81
615	616	537
615	617	579
615	623	755
616	615	537
616	808	872
616	811	696
617	615	579
618	659	642
618	614	428
618	619	549
619	612	7
619	618	549
619	682	308
619	683	658
620	628	654
620	1740	945
620	621	328
620	622	211
621	660	229
621	620	328
621	622	913
622	659	82
622	614	81
622	620	211
622	621	913
623	624	336
623	625	484
623	615	755
624	1012	741
624	623	336
624	831	226
625	626	783
625	623	484
626	625	783
626	634	426
626	685	843
627	628	805
627	629	904
627	637	844
627	638	854
628	627	805
628	695	436
628	620	654
629	627	904
629	668	888
629	637	198
629	669	655
630	386	972
630	10451	970
630	631	547
630	686	919
631	386	104
631	707	637
631	630	547
632	1557	440
632	633	323
632	1514	135
633	2769	22
633	632	323
633	1514	927
634	626	426
634	645	983
634	635	73
635	659	518
635	646	887
635	634	73
635	683	798
636	672	298
636	637	933
636	639	627
637	627	844
637	629	198
637	636	933
637	639	636
638	627	854
638	653	510
638	639	616
639	636	627
639	637	636
639	653	851
639	638	616
640	641	507
640	673	827
640	642	759
641	640	507
641	672	630
641	673	584
641	654	378
641	655	680
642	640	759
642	649	721
642	651	601
643	657	514
643	644	142
643	650	896
644	643	142
644	664	859
644	665	182
644	666	686
645	646	827
645	2169	752
645	634	983
646	645	827
646	681	810
646	635	887
646	1758	710
647	1056	113
647	678	872
647	648	557
647	687	728
648	2160	237
648	647	557
648	1399	219
648	2621	958
649	642	721
649	650	855
649	651	608
650	656	41
650	643	896
650	649	855
651	642	601
651	649	608
651	655	755
652	653	48
652	654	339
652	670	96
653	667	227
653	652	48
653	638	510
653	639	851
654	641	378
654	674	54
654	652	339
654	655	87
654	671	902
655	641	680
655	676	415
655	651	755
655	654	87
656	657	338
656	658	120
656	676	682
656	650	41
657	656	338
657	643	514
657	677	430
658	656	120
658	691	479
658	1738	730
659	618	642
659	635	518
659	683	260
659	622	82
660	704	460
660	661	654
660	621	229
661	704	277
661	705	118
661	660	654
662	685	207
664	673	878
664	644	859
664	694	420
664	10447	189
665	644	182
666	673	185
666	644	686
667	688	578
667	653	227
667	670	561
668	629	888
669	629	655
670	1737	750
670	667	561
670	652	96
670	671	768
671	674	977
671	654	902
671	670	768
672	641	630
672	10481	115
672	636	298
673	640	827
673	641	584
673	664	878
673	666	185
674	675	917
674	654	54
674	671	977
674	1743	890
675	674	917
675	690	473
675	676	997
676	656	682
676	675	997
676	691	873
676	655	415
677	657	430
677	680	51
678	2166	878
678	647	872
678	1403	632
679	680	910
680	2164	623
680	677	51
680	1829	961
680	679	910
681	646	810
682	608	706
682	696	865
682	619	308
683	610	428
683	659	260
683	619	658
683	635	798
684	609	701
684	612	134
684	613	799
685	2689	788
685	626	843
685	662	207
685	879	510
686	10451	191
686	692	376
686	630	919
686	687	701
687	647	728
687	10106	871
687	686	701
688	689	967
688	1745	610
688	1737	351
688	667	578
689	688	967
690	675	473
690	691	981
690	1031	907
690	697	761
691	658	479
691	690	981
691	676	873
691	1031	258
692	686	376
692	2159	284
694	664	420
695	628	436
696	682	865
697	690	761
697	1748	964
697	1743	44
698	610	714
698	808	429
698	699	347
698	700	226
699	808	368
699	698	347
699	796	957
700	698	226
700	701	758
700	797	269
701	700	758
701	702	512
702	609	736
702	610	235
702	701	512
703	704	955
703	613	286
704	660	460
704	661	277
704	703	955
705	706	935
705	661	118
706	705	935
706	10447	846
707	631	637
707	10447	89
708	709	442
708	777	467
709	708	442
709	789	501
709	780	902
710	711	491
710	919	883
710	921	437
711	710	491
711	863	785
712	713	941
712	714	663
712	715	576
713	1040	646
713	712	941
713	922	492
714	1060	909
714	712	663
714	921	308
714	922	234
715	1060	824
715	1061	343
715	712	576
715	1065	847
716	720	108
716	10454	675
716	717	194
716	1037	481
717	1040	370
717	716	194
717	1038	468
718	723	100
718	719	241
719	721	6
719	718	241
720	724	193
720	986	356
720	716	108
720	732	680
721	722	104
721	723	709
721	719	6
722	721	104
722	1064	750
722	1069	529
723	721	709
723	724	755
723	718	100
724	720	193
724	723	755
724	727	524
725	931	686
725	726	962
725	1046	233
725	729	460
726	1042	562
726	1044	73
726	725	962
727	724	524
727	728	881
727	730	248
728	1088	137
728	1089	986
728	727	881
728	975	211
729	740	270
729	725	460
729	735	173
730	737	668
730	727	248
730	975	907
731	736	158
731	732	755
731	733	150
732	720	680
732	731	755
732	988	796
733	736	889
733	930	524
733	731	150
733	734	350
734	988	334
734	733	350
734	1055	356
735	739	512
735	755	94
735	729	173
736	737	855
736	738	132
736	930	394
736	731	158
736	733	889
737	736	855
737	1026	276
737	730	668
738	736	132
738	929	639
738	744	276
739	747	751
739	748	293
739	735	512
740	741	834
740	729	270
740	746	606
741	740	834
741	1045	368
741	1047	36
742	753	417
742	755	804
742	743	695
743	929	748
743	930	667
743	931	83
743	742	695
744	738	276
744	745	319
744	927	19
745	1026	61
745	744	319
745	973	925
745	974	736
746	740	606
746	756	996
746	747	144
746	941	578
747	739	751
747	746	144
747	749	736
748	739	293
748	749	698
748	766	636
749	747	736
749	748	698
749	943	560
750	752	450
750	925	934
750	751	12
751	1025	442
751	973	481
751	750	12
751	975	927
752	1094	829
752	1099	542
752	750	450
753	754	551
753	742	417
753	774	196
754	753	551
754	929	316
754	10657	3
755	742	804
755	761	807
755	735	94
756	757	643
756	746	996
756	767	135
757	756	643
757	1045	883
757	1048	244
758	773	74
758	759	765
758	760	568
758	782	719
759	1024	565
759	758	765
759	940	650
759	1023	768
760	758	568
760	774	676
760	972	209
760	927	127
761	755	807
761	787	836
761	765	6
762	769	753
762	763	141
762	764	959
763	762	141
763	1051	447
763	764	561
764	762	959
764	1050	940
764	763	561
765	761	6
765	810	13
765	766	534
766	748	636
766	765	534
766	989	164
767	768	269
767	979	520
767	756	135
768	1051	394
768	1052	369
768	767	269
769	770	40
769	984	198
769	762	753
770	769	40
770	772	628
770	805	529
771	772	124
772	770	628
772	771	124
772	10583	51
773	758	74
773	774	86
773	793	119
774	753	196
774	773	86
774	760	676
774	938	689
775	776	818
775	1049	618
775	478	231
776	775	818
776	1053	205
776	478	564
777	708	467
777	789	449
777	790	849
778	804	760
778	779	735
778	780	320
778	958	186
779	778	735
779	1019	897
779	780	839
780	709	902
780	778	320
780	779	839
781	782	217
781	1134	675
781	783	643
782	758	719
782	793	494
782	940	162
782	781	217
783	781	643
784	785	458
784	801	59
784	786	962
785	784	458
786	784	962
787	791	438
787	761	836
787	938	54
788	789	862
788	790	397
788	796	268
789	788	862
789	709	501
789	777	449
790	788	397
790	777	849
790	797	571
791	787	438
791	937	950
791	795	885
792	793	357
792	794	284
792	814	415
792	815	985
793	773	119
793	792	357
793	794	727
793	782	494
794	792	284
794	793	727
794	938	927
794	939	726
795	801	501
795	791	885
795	936	421
796	788	268
796	699	957
796	797	572
797	790	571
797	700	269
797	796	572
798	800	891
798	807	848
798	799	56
799	960	901
799	798	56
799	958	237
799	1054	860
800	1053	675
800	798	891
800	1054	986
801	784	59
801	810	914
801	795	501
802	992	296
802	920	62
802	382	957
803	402	14
803	841	468
803	298	358
804	778	760
804	828	325
804	844	634
805	770	529
805	806	466
805	829	137
806	979	505
806	805	466
806	981	951
807	809	688
807	478	856
807	798	848
808	616	872
808	698	429
808	699	368
808	828	486
809	818	864
809	807	688
809	953	824
810	801	914
810	820	618
810	812	771
810	765	13
811	1013	824
811	616	696
811	831	230
812	823	602
812	810	771
812	813	454
813	812	454
813	941	632
813	942	338
813	943	453
814	837	704
814	792	415
814	824	2
815	837	977
815	792	985
815	875	568
816	817	786
816	818	342
816	840	285
816	830	317
817	816	786
817	976	760
817	1003	8
818	816	342
818	809	864
818	10457	709
819	832	850
819	820	902
819	845	405
820	833	120
820	819	902
820	951	496
820	810	618
821	835	652
821	822	783
821	823	237
822	821	783
823	821	237
823	951	181
823	812	602
823	942	691
824	1377	279
824	1145	981
824	814	2
824	1326	680
825	401	913
825	402	758
825	403	222
825	1020	976
826	842	62
826	827	630
826	828	57
826	847	143
827	1013	464
827	826	630
828	804	325
828	869	848
828	808	486
828	826	57
829	805	137
829	838	348
829	830	745
830	816	317
830	10458	627
830	829	745
831	624	226
831	842	781
831	811	230
832	833	389
832	834	198
832	819	850
833	832	389
833	834	488
833	820	120
833	936	378
834	832	198
834	833	488
834	937	740
834	939	135
835	836	924
835	821	652
835	838	46
836	835	924
837	866	762
837	814	704
837	815	977
838	835	46
838	858	128
838	829	348
839	852	459
839	840	535
839	959	299
840	816	285
840	839	535
840	952	374
840	953	258
841	1073	697
841	403	452
841	803	468
842	826	62
842	831	781
842	879	842
843	1010	977
843	869	23
843	844	370
843	846	728
844	1011	950
844	804	634
844	843	370
845	864	33
845	819	405
845	855	191
846	851	690
846	969	886
846	843	728
847	848	800
847	826	143
847	859	579
848	847	800
849	961	61
849	850	556
849	851	719
849	1005	474
850	849	556
850	962	997
850	851	335
850	959	640
851	849	719
851	850	335
851	970	683
851	846	690
852	839	459
852	856	389
852	862	461
853	85	199
854	9857	537
854	855	824
854	903	524
855	854	824
855	950	616
855	951	273
855	845	191
856	883	962
856	852	389
856	877	138
857	882	215
857	872	39
857	858	961
858	838	128
858	951	253
858	952	76
858	857	961
859	868	189
859	878	494
859	847	579
860	963	39
860	876	885
860	861	55
860	862	416
861	961	30
861	964	939
861	971	828
861	860	55
862	962	910
862	852	461
862	860	416
862	877	192
863	711	785
863	1039	225
864	867	713
864	950	400
864	845	33
865	866	706
865	870	755
865	886	421
866	865	706
866	945	749
866	837	762
867	864	713
867	874	857
867	893	478
868	869	485
868	966	658
868	859	189
869	868	485
869	1016	56
869	843	23
869	828	848
870	865	755
870	884	777
870	871	42
871	870	42
871	1326	498
872	2645	885
872	857	39
872	873	721
873	872	721
874	867	857
874	7539	470
874	894	44
875	888	1
875	891	819
875	815	568
876	880	734
876	2648	697
876	860	885
876	877	911
877	883	929
877	856	138
877	876	911
877	862	192
878	859	494
879	842	842
879	685	510
879	2669	367
880	881	813
880	2650	880
880	876	734
881	880	813
881	882	390
881	883	760
882	881	390
882	952	725
882	857	215
882	2686	723
883	881	760
883	856	962
883	952	191
883	877	929
884	3217	849
884	870	777
884	2671	858
885	897	816
885	946	159
885	886	335
886	944	118
886	865	421
886	945	435
886	885	335
887	888	756
887	889	294
887	894	391
888	948	434
888	887	756
888	875	1
888	891	52
889	887	294
890	891	409
890	892	541
890	2653	379
891	888	52
891	890	409
891	875	819
891	892	820
892	946	76
892	947	798
892	890	541
892	891	820
893	867	478
893	901	447
893	2646	536
894	994	331
894	2646	774
894	887	391
894	874	44
895	896	832
895	85	522
895	2726	243
896	895	832
897	885	816
898	7586	878
898	899	660
898	3049	889
899	898	660
899	10518	872
899	3114	490
900	901	328
901	900	328
901	1014	7
901	893	447
902	903	619
903	854	524
903	902	619
903	905	735
903	2652	177
904	905	9
905	903	735
905	904	9
905	1002	419
906	2727	246
906	907	552
906	9838	920
907	9825	375
907	9833	759
907	906	552
908	1017	488
908	955	96
908	909	258
909	954	747
909	955	343
909	908	258
910	1018	47
910	911	817
911	1008	752
911	1005	611
911	910	817
911	1007	753
912	913	709
912	1810	463
912	1817	826
912	2601	915
913	912	709
913	1432	311
913	2184	175
914	915	17
914	2184	396
914	1327	530
915	914	17
916	9409	508
916	917	614
916	1015	11
916	6251	19
917	9408	166
917	916	614
917	5895	44
918	1057	991
918	919	857
919	1060	95
919	710	883
919	918	857
920	802	62
921	710	437
921	714	308
922	713	492
922	714	234
922	1039	517
925	928	658
925	750	934
925	926	862
925	1023	574
926	1123	670
926	925	862
926	1022	296
927	929	173
927	744	19
927	760	127
927	972	702
928	1024	798
928	1025	765
928	925	658
928	1023	643
929	738	639
929	754	316
929	743	748
929	927	173
930	736	394
930	743	667
930	733	524
930	1055	211
931	932	360
931	725	686
931	743	83
931	1055	143
932	931	360
932	1043	879
933	934	775
933	953	366
934	960	570
934	933	775
935	936	499
936	833	378
936	935	499
936	937	781
936	795	421
937	834	740
937	791	950
937	936	781
937	939	990
938	787	54
938	774	689
938	794	927
938	939	503
939	834	135
939	937	990
939	794	726
939	938	503
940	759	650
940	1288	238
940	782	162
940	1022	58
941	746	578
941	813	632
941	990	489
942	823	691
942	813	338
943	749	560
943	813	453
944	3220	798
944	886	118
945	866	749
945	886	435
946	947	117
946	885	159
946	949	193
946	892	76
947	946	117
947	3220	75
947	892	798
948	888	434
949	946	193
950	864	400
950	1014	388
950	855	616
950	1002	769
951	820	496
951	823	181
951	855	273
951	858	253
952	882	725
952	883	191
952	840	374
952	858	76
953	933	366
953	10455	879
953	840	258
953	809	824
954	956	912
954	909	747
954	957	854
955	2647	375
955	908	96
955	909	343
956	969	214
956	954	912
956	970	806
956	957	822
957	966	382
957	968	972
957	954	854
957	956	822
958	960	488
958	778	186
958	1019	972
958	799	237
959	960	351
959	850	640
959	962	670
959	839	299
960	934	570
960	958	488
960	799	901
960	959	351
961	849	61
961	964	609
961	971	433
961	861	30
962	850	997
962	971	797
962	862	910
962	959	670
963	964	670
963	965	676
963	860	39
963	1004	432
964	961	609
964	963	670
964	861	939
965	963	676
965	3210	866
965	3213	653
965	3215	241
966	868	658
966	967	417
966	2649	62
966	957	382
967	966	417
968	1016	553
968	957	972
969	1016	533
969	970	272
969	956	214
969	846	886
970	1008	980
970	851	683
970	969	272
970	956	806
971	961	433
971	962	797
971	861	828
972	1024	436
972	760	209
972	974	643
972	927	702
973	1025	895
973	1026	210
973	745	925
973	751	481
974	1024	872
974	1025	54
974	745	736
974	972	643
975	1094	119
975	728	211
975	730	907
975	751	927
976	817	760
976	977	137
976	978	60
977	976	137
977	984	43
978	976	60
979	980	941
979	806	505
979	767	520
980	979	941
981	806	951
982	983	363
982	5370	347
982	6107	977
983	5346	35
983	10707	866
983	982	363
984	769	198
984	977	43
984	10961	797
985	1043	57
985	986	795
985	987	825
986	720	356
986	985	795
986	988	161
986	1037	415
987	985	825
988	986	161
988	732	796
988	1036	538
988	734	334
989	766	164
990	941	489
991	8464	221
991	993	943
991	363	877
992	802	296
993	991	943
994	3233	754
994	2653	24
994	894	331
995	996	978
995	8967	232
996	995	978
996	8969	929
996	7755	169
996	7791	387
997	998	656
997	7789	950
998	8916	668
998	997	656
998	7807	16
999	8721	97
999	1000	906
1000	9041	271
1000	8918	123
1000	999	906
1001	9077	783
1001	364	569
1001	8447	203
1002	950	769
1002	1014	620
1002	905	419
1003	817	8
1004	963	432
1004	1005	831
1004	1007	994
1005	849	474
1005	1004	831
1005	1006	353
1005	911	611
1006	1005	353
1007	1004	994
1007	3213	864
1007	911	753
1008	1017	977
1008	970	980
1008	1018	899
1008	911	752
1009	1027	243
1009	1028	781
1009	364	282
1009	1021	594
1010	843	977
1011	844	950
1012	624	741
1013	811	824
1013	827	464
1014	901	7
1014	950	388
1014	3224	966
1014	1002	620
1015	5906	470
1015	916	11
1015	6104	753
1016	869	56
1016	968	553
1016	969	533
1017	1008	977
1017	2651	437
1017	908	488
1018	1008	899
1018	3213	1000
1018	910	47
1018	3214	844
1019	779	897
1019	958	972
1019	1054	730
1020	403	971
1020	1075	839
1020	825	976
1021	1009	594
1021	1172	75
1021	1253	621
1021	1246	288
1022	940	58
1022	1308	451
1022	926	296
1022	1023	571
1023	928	643
1023	759	768
1023	925	574
1023	1022	571
1024	928	798
1024	759	565
1024	972	436
1024	974	872
1025	928	765
1025	973	895
1025	974	54
1025	751	442
1026	737	276
1026	745	61
1026	973	210
1027	1009	243
1028	1009	781
1029	1030	359
1029	5150	970
1030	5152	87
1030	1029	359
1030	5145	56
1031	690	907
1031	691	258
1031	1749	560
1031	2165	393
1032	1683	991
1032	1033	974
1033	1032	974
1033	5147	413
1033	4589	975
1034	1035	328
1034	10126	995
1035	10118	25
1035	1034	328
1035	10138	773
1036	988	538
1037	1041	588
1037	986	415
1037	716	481
1037	1038	369
1038	1041	494
1038	717	468
1038	1037	369
1039	922	517
1039	863	225
1040	713	646
1040	717	370
1041	1042	590
1041	1037	588
1041	1038	494
1042	1041	590
1042	1043	905
1042	726	562
1043	1042	905
1043	932	879
1043	985	57
1044	726	73
1044	1046	859
1045	741	368
1045	757	883
1046	1044	859
1046	725	233
1046	1047	70
1047	741	36
1047	1046	70
1048	757	244
1048	1052	448
1049	775	618
1049	1050	5
1050	1049	5
1050	764	940
1051	768	394
1051	763	447
1052	768	369
1052	1048	448
1053	800	675
1053	776	205
1054	800	986
1054	1019	730
1054	799	860
1055	930	211
1055	931	143
1055	734	356
1056	2630	624
1056	647	113
1056	10106	424
1057	1264	540
1057	1061	587
1057	918	991
1058	1059	960
1058	1354	742
1059	1264	988
1059	1058	960
1059	10453	490
1060	1061	922
1060	919	95
1060	714	909
1060	715	824
1061	1057	587
1061	1060	922
1061	715	343
1061	1263	961
1062	1265	70
1062	1268	911
1062	1063	695
1063	1268	968
1063	1062	695
1063	1354	125
1064	722	750
1064	1079	269
1064	1065	22
1065	1064	22
1065	715	847
1065	1068	997
1066	1076	982
1066	1067	65
1066	1068	130
1067	1268	764
1067	1269	600
1067	1270	212
1067	1066	65
1068	1270	377
1068	1065	997
1068	1066	130
1069	722	529
1069	10454	123
1070	1072	594
1070	1077	880
1070	1071	267
1071	1267	137
1071	1303	425
1071	1070	267
1072	1074	847
1072	1078	574
1072	1070	594
1073	841	697
1074	1072	847
1074	1078	514
1074	1082	392
1075	1570	722
1075	1020	839
1075	301	275
1076	1077	78
1076	1269	277
1076	1080	926
1076	1081	152
1076	1066	982
1077	1266	790
1077	1076	78
1077	1276	404
1077	1070	880
1078	1072	574
1078	1074	514
1078	1083	383
1079	1089	348
1079	1064	269
1079	1081	634
1080	1076	926
1080	1081	924
1080	1087	226
1081	1089	790
1081	1076	152
1081	1079	634
1081	1080	924
1082	1074	392
1082	1085	242
1083	1092	613
1083	1078	383
1083	1276	434
1084	1093	11
1084	1085	914
1085	1092	1
1085	1082	242
1085	1084	914
1086	1088	67
1086	1090	723
1086	1087	810
1087	1080	226
1087	1277	883
1087	1086	810
1088	1089	102
1088	1094	370
1088	728	137
1088	1086	67
1089	1088	102
1089	1079	348
1089	728	986
1089	1081	790
1090	1091	121
1090	1097	895
1090	1086	723
1091	1090	121
1091	1276	98
1091	1101	377
1091	1277	320
1092	1104	6
1092	1083	613
1092	1275	737
1092	1085	1
1093	1105	16
1093	1098	592
1093	1084	11
1094	752	829
1094	1088	370
1094	975	119
1095	3473	986
1095	1463	40
1095	1096	784
1095	393	138
1096	1095	784
1096	1435	168
1096	1452	971
1097	1090	895
1097	1099	869
1097	1100	653
1098	1093	592
1098	1109	640
1098	1102	296
1099	752	542
1099	1123	368
1099	1097	869
1100	1106	373
1100	1097	653
1100	1101	261
1101	1091	377
1101	1274	639
1101	1275	153
1101	1100	261
1102	1110	232
1102	1111	887
1102	1098	296
1103	1104	365
1103	1105	392
1103	1107	347
1104	1092	6
1104	1103	365
1104	1279	467
1105	1093	16
1105	1334	666
1105	1103	392
1106	1272	386
1106	1274	604
1106	1100	373
1107	1108	952
1107	1109	724
1107	1103	347
1108	1107	952
1108	1274	912
1108	1278	806
1108	1279	51
1109	1107	724
1109	1111	674
1109	1127	378
1109	1098	640
1110	1115	482
1110	1116	550
1110	1102	232
1111	1109	674
1111	1117	568
1111	1102	887
1111	1119	799
1112	1126	54
1112	1113	773
1112	1114	899
1113	1335	678
1113	1112	773
1113	1272	756
1114	1112	899
1115	1121	345
1115	1110	482
1115	1116	505
1116	1110	550
1116	1115	505
1116	1117	191
1117	1137	763
1117	1111	568
1117	1116	191
1118	1285	641
1118	1119	813
1118	1135	442
1119	1284	488
1119	1111	799
1119	1127	143
1119	1118	813
1120	1121	483
1120	1347	161
1120	1125	915
1121	1120	483
1121	1115	345
1122	1123	501
1122	1129	451
1122	1309	949
1123	1122	501
1123	1272	98
1123	1099	368
1123	926	670
1124	1139	242
1124	1125	271
1124	1131	26
1124	1211	705
1125	1120	915
