40000	117346
0	1	731
0	6353	134
0	6309	46
1	0	731
2	3	406
2	4	870
2	7	11
3	2	406
3	309	651
4	273	365
4	2	870
4	274	524
4	388	736
5	6	287
5	8	707
5	9	844
6	305	910
6	5	287
6	309	757
6	310	922
7	16	45
7	2	11
7	8	615
7	3998	440
8	5	707
8	7	615
9	10464	341
9	5	844
9	12	80
10	22	316
10	11	771
10	77	142
11	10	771
11	44	807
12	9	80
12	13	227
12	14	517
13	12	227
14	20	783
14	12	517
14	15	688
15	310	179
15	312	267
15	14	688
16	17	615
16	18	980
16	7	45
17	16	615
18	16	980
18	24	10
18	266	18
19	20	579
19	21	694
19	23	966
19	25	59
20	19	579
20	24	976
20	312	121
20	14	783
21	19	694
22	69	647
22	10	316
22	58	390
22	44	484
23	19	966
23	38	560
23	24	572
24	18	10
24	20	976
24	23	572
24	303	767
25	19	59
25	26	806
25	29	994
26	37	541
26	312	100
26	25	806
27	28	543
27	29	848
27	30	563
28	27	543
29	25	994
29	314	320
29	27	848
30	32	132
30	27	563
30	31	645
31	30	645
32	33	313
32	34	36
32	30	132
33	32	313
34	32	36
34	35	24
34	36	312
35	34	24
36	34	312
36	37	700
36	40	258
36	313	550
37	36	700
37	313	148
37	26	541
38	52	404
38	23	560
38	39	227
39	38	227
39	4027	298
39	317	958
39	303	936
40	67	917
40	36	258
40	45	220
41	57	673
41	42	74
41	43	84
42	279	66
42	41	74
42	8841	849
43	41	84
44	51	323
44	22	484
44	11	807
44	45	849
45	275	233
45	279	791
45	40	220
45	44	849
46	56	390
46	59	649
46	47	557
47	55	703
47	60	528
47	46	557
48	49	78
48	277	108
48	54	178
48	63	3
49	48	78
49	55	565
50	51	577
50	58	552
50	61	885
51	50	577
51	44	323
52	132	35
52	53	420
52	38	404
52	71	124
53	52	420
53	277	784
53	278	752
53	279	528
54	48	178
54	55	17
54	60	200
54	62	267
55	49	565
55	54	17
55	47	703
56	65	815
56	57	507
56	46	390
57	64	637
57	56	507
57	41	673
57	75	995
58	50	552
58	22	390
58	70	796
59	65	960
59	68	712
59	60	282
59	46	649
60	54	200
60	59	282
60	47	528
61	81	915
61	50	885
61	70	147
62	68	56
62	54	267
62	63	933
63	48	3
63	62	933
64	80	112
64	66	579
64	57	637
65	56	815
65	59	960
65	75	946
65	78	110
66	64	579
66	86	869
66	73	699
67	40	917
68	59	712
68	62	56
68	78	240
69	83	159
69	22	647
69	70	789
69	76	198
70	69	789
70	58	796
70	61	147
70	93	363
71	52	124
71	72	436
71	319	548
72	71	436
72	317	484
72	318	833
73	66	699
73	74	411
73	79	946
74	73	411
75	80	314
75	65	946
75	82	15
75	57	995
76	69	198
76	198	405
76	88	645
76	77	941
77	197	609
77	10	142
77	76	941
78	65	110
78	82	78
78	68	240
79	81	106
79	73	946
79	89	668
80	64	112
80	86	650
80	87	442
80	75	314
81	61	915
81	93	181
81	79	106
81	95	584
82	87	660
82	106	482
82	75	15
82	78	78
83	69	159
83	88	797
83	92	389
84	352	943
84	85	685
84	9833	169
85	84	685
85	853	644
85	895	915
86	80	650
86	66	869
86	89	675
86	94	32
87	80	442
87	82	660
87	99	484
87	94	812
88	96	884
88	83	797
88	387	442
88	76	645
89	97	802
89	86	675
89	79	668
89	95	44
90	400	711
90	1520	800
90	297	220
90	1642	997
90	91	855
91	295	900
91	297	656
91	345	74
91	90	855
92	96	625
92	98	942
92	83	389
92	93	171
93	81	181
93	70	363
93	92	171
94	97	350
94	86	32
94	87	812
94	108	842
95	81	584
95	101	676
95	102	863
95	89	44
96	103	279
96	88	884
96	104	577
96	92	625
97	102	46
97	89	802
97	107	981
97	94	350
98	101	529
98	104	388
98	92	942
99	100	980
99	3558	92
99	87	484
99	105	157
100	99	980
100	108	904
100	109	244
101	112	110
101	98	529
101	2339	26
101	95	676
102	97	46
102	113	556
102	95	863
102	111	622
103	96	279
103	115	201
103	124	567
104	96	577
104	98	388
104	115	41
104	120	19
105	99	157
105	9062	116
105	106	740
106	82	482
106	105	740
107	97	981
107	113	598
107	346	464
107	108	310
108	100	904
108	107	310
108	94	842
108	110	335
109	100	244
109	118	524
109	110	432
110	346	243
110	108	335
110	109	432
111	112	516
111	102	622
111	119	423
111	122	315
112	2339	673
112	101	110
112	111	516
113	114	910
113	102	556
113	121	575
113	107	598
114	113	910
115	128	374
115	103	201
115	104	41
115	120	357
115	123	354
116	117	466
116	133	12
116	118	500
117	116	466
117	9062	858
118	116	500
118	109	524
119	120	960
119	125	727
119	111	423
120	115	357
120	2339	522
120	119	960
120	104	19
121	113	575
121	122	228
121	126	793
122	121	228
122	125	702
122	111	315
122	127	162
123	115	354
123	136	300
123	124	118
124	103	567
124	123	118
124	347	574
125	128	738
125	129	700
125	119	727
125	122	702
126	130	548
126	121	793
126	127	564
127	129	411
127	134	570
127	122	162
127	126	564
128	115	374
128	138	769
128	125	738
129	137	818
129	125	700
129	127	411
130	131	629
130	134	779
130	126	548
131	130	629
132	52	35
132	151	94
132	152	491
133	116	12
134	130	779
134	137	551
134	142	689
134	127	570
135	8946	480
135	136	861
135	284	128
136	135	861
136	123	300
136	347	708
137	129	818
137	145	434
137	134	551
137	138	479
138	128	769
138	144	702
138	8855	459
138	137	479
139	2342	906
139	140	200
139	8862	430
140	8855	630
140	139	200
141	325	767
141	142	716
141	143	578
142	145	240
142	134	689
142	141	716
143	144	687
143	145	87
143	141	578
144	177	754
144	138	702
144	8862	313
144	143	687
145	137	434
145	142	240
145	143	87
146	147	283
146	148	654
146	149	429
147	146	283
147	148	740
147	150	218
147	412	617
148	146	654
148	147	740
148	324	699
148	278	386
149	161	521
149	146	429
149	150	527
150	147	218
150	149	527
150	406	71
150	411	368
151	132	94
151	153	764
151	156	887
152	132	491
152	153	232
152	154	770
153	8945	923
153	151	764
153	152	232
153	154	112
154	152	770
154	153	112
155	166	150
155	156	979
155	157	645
156	4323	91
156	278	586
156	151	887
156	155	979
157	162	250
157	170	399
157	155	645
158	160	701
158	280	61
158	159	69
159	280	465
159	282	696
159	158	69
160	158	701
161	149	521
161	328	608
161	175	377
162	157	250
163	164	17
163	180	561
163	165	171
164	163	17
164	180	745
164	327	601
165	163	171
165	166	56
165	171	344
166	165	56
166	155	150
166	332	142
167	168	167
167	169	378
167	172	272
168	167	167
168	281	26
168	286	437
169	167	378
170	4137	121
170	171	892
170	157	399
171	165	344
171	170	892
171	4139	111
172	176	790
172	292	432
172	167	272
173	176	408
173	174	301
173	175	50
174	173	301
175	161	377
175	178	89
175	173	50
176	178	808
176	172	790
176	173	408
177	144	754
178	176	808
178	181	974
178	175	89
179	180	517
179	184	520
179	185	495
180	163	561
180	179	517
180	164	745
181	178	974
181	182	6
181	183	335
182	181	6
183	291	157
183	181	335
183	185	605
184	179	520
185	179	495
185	183	605
185	186	674
186	185	674
186	187	832
186	188	878
187	336	392
187	186	832
187	333	833
188	289	778
188	194	735
188	186	878
189	193	127
189	190	592
189	191	584
190	5297	589
190	189	592
190	5294	336
191	4454	43
191	4444	369
191	189	584
192	193	751
192	196	827
192	10687	446
193	192	751
193	189	127
193	9967	462
194	195	261
194	361	892
194	188	735
195	194	261
195	338	703
195	196	349
196	192	827
196	10400	937
196	195	349
197	387	253
197	198	870
197	77	609
198	197	870
198	76	405
198	10925	280
199	200	949
199	205	844
199	206	899
200	373	797
200	199	949
200	376	213
200	361	248
201	213	850
201	202	156
201	203	599
201	204	670
202	208	256
202	201	156
202	383	253
203	201	599
203	383	555
204	210	681
204	212	467
204	201	670
204	205	950
205	199	844
205	204	950
206	210	495
206	199	899
206	207	522
207	1203	321
207	376	862
207	206	522
208	209	975
208	213	720
208	214	630
208	202	256
209	208	975
209	288	547
209	290	491
209	287	869
210	211	639
210	215	756
210	204	681
210	206	495
211	210	639
211	1203	488
211	220	943
211	223	750
212	213	836
212	215	999
212	204	467
212	221	209
213	208	720
213	212	836
213	201	850
213	222	570
214	208	630
214	299	662
214	222	199
215	210	756
215	226	822
215	212	999
215	223	536
216	225	487
216	227	17
216	217	520
216	10893	177
217	224	926
217	216	520
217	219	891
218	224	360
218	230	366
218	219	863
218	220	680
219	360	348
219	217	891
219	218	863
220	211	943
220	231	749
220	360	471
220	218	680
221	226	731
221	243	922
221	212	209
221	222	916
222	213	570
222	214	199
222	221	916
223	211	750
223	229	679
223	215	536
223	231	102
224	227	694
224	217	926
224	218	360
224	234	770
225	228	362
225	216	487
225	233	993
226	229	540
226	215	822
226	221	731
226	350	987
227	224	694
227	216	17
227	233	240
227	236	499
228	225	362
228	232	129
228	235	408
229	226	540
229	238	996
229	223	679
230	231	904
230	218	366
230	234	238
230	237	728
231	230	904
231	220	749
231	238	372
231	223	102
232	228	129
232	1380	864
232	1355	764
233	240	830
233	225	993
233	227	240
233	235	106
234	224	770
234	230	238
234	236	11
234	239	139
235	228	408
235	244	700
235	233	106
236	240	377
236	227	499
236	234	11
237	230	728
237	343	676
237	238	15
237	239	930
238	229	996
238	231	372
238	237	15
239	245	75
239	264	686
239	234	139
239	237	930
240	244	419
240	245	451
240	233	830
240	236	377
241	242	625
241	243	425
241	296	309
242	241	625
242	356	252
242	350	259
243	241	425
243	299	657
243	221	922
243	350	368
244	240	419
244	357	573
244	246	618
244	235	700
245	240	451
245	246	925
245	239	75
246	244	618
246	245	925
246	359	141
247	259	216
247	405	320
247	248	681
247	249	112
248	357	412
248	358	635
248	247	681
249	247	112
249	250	701
249	251	145
250	4211	923
250	405	769
250	263	753
250	249	701
251	258	761
251	263	873
251	249	145
252	256	294
252	253	921
252	254	96
253	294	142
253	10841	198
253	252	921
254	10755	470
254	10757	44
254	252	96
255	256	26
255	257	636
255	260	661
256	293	981
256	341	262
256	252	294
256	255	26
257	10721	931
257	297	432
257	255	636
258	259	689
258	265	440
258	251	761
259	258	689
259	247	216
259	1371	584
260	340	477
260	261	583
260	255	661
261	260	583
261	344	306
262	263	55
263	4245	808
263	262	55
263	250	753
263	251	873
264	4374	105
264	265	439
264	397	856
264	239	686
265	258	440
265	264	439
265	1371	560
266	18	18
266	303	204
267	321	298
267	306	64
267	268	446
267	269	137
268	321	730
268	1410	704
268	267	446
268	269	959
269	321	459
269	1400	564
269	267	137
269	268	959
270	272	582
270	1666	161
270	404	935
270	271	84
271	595	51
271	10476	647
271	270	84
272	595	298
272	10109	783
272	270	582
273	3872	886
273	4	365
273	3861	67
273	3862	226
274	4	524
274	309	14
274	3862	902
275	276	410
275	284	652
275	45	233
276	275	410
276	313	843
277	48	108
277	53	784
277	326	218
278	148	386
278	53	752
278	156	586
279	53	528
279	42	66
279	45	791
280	281	98
280	158	61
280	159	465
281	168	26
281	280	98
282	283	513
282	159	696
283	282	513
283	285	651
284	275	652
284	406	96
284	135	128
285	406	838
285	283	651
286	292	388
286	168	437
287	209	869
287	290	837
287	372	78
288	209	547
288	298	84
288	302	997
289	291	238
289	362	775
289	188	778
290	209	491
290	373	901
290	375	456
290	287	837
291	289	238
291	292	745
291	183	157
292	291	745
292	172	432
292	286	388
293	256	981
293	10721	4
293	294	22
293	297	253
294	293	22
294	10841	962
294	253	142
295	296	148
295	298	874
295	91	900
295	382	411
296	384	635
296	241	309
296	295	148
297	257	432
297	293	253
297	90	220
297	91	656
298	288	84
298	803	540
298	295	874
298	299	405
299	243	657
299	214	662
299	298	405
300	368	941
300	370	38
300	301	403
300	302	612
301	401	708
301	1075	437
301	300	403
302	288	997
302	401	368
302	371	759
302	300	612
303	304	100
303	39	936
303	24	767
303	266	204
304	7600	258
304	4027	874
304	303	100
305	6	910
306	10470	436
306	1401	424
306	267	64
307	4114	620
307	4579	838
307	308	747
307	4479	789
308	307	747
308	10614	427
309	274	14
309	3	651
309	6	757
310	6	922
310	311	794
310	15	179
311	10464	121
311	310	794
312	20	121
312	26	100
312	15	267
313	36	550
313	276	843
313	37	148
314	315	344
314	316	321
314	29	320
315	314	344
316	314	321
317	39	958
317	4055	354
317	72	484
317	4041	484
318	72	833
319	320	136
319	4052	398
319	71	548
320	319	136
321	267	298
321	268	730
321	269	459
322	323	246
322	324	750
322	412	530
323	322	246
324	322	750
324	148	699
324	325	760
325	324	760
325	8951	347
325	141	767
326	277	218
327	164	601
327	328	931
327	329	55
327	4477	629
328	161	608
328	8933	151
328	327	931
328	4478	433
329	4144	829
329	327	55
329	330	993
330	329	993
330	331	802
331	8775	504
331	330	802
332	166	142
333	187	833
333	334	185
333	335	465
334	4149	398
334	4139	151
334	333	185
335	333	465
336	187	392
337	338	939
337	339	333
337	377	574
338	337	939
338	195	703
338	9407	274
339	337	333
340	260	477
340	341	827
340	348	581
341	256	262
341	416	454
341	340	827
341	342	216
342	341	216
343	237	676
344	261	306
344	345	973
345	403	987
345	344	973
345	91	74
345	382	951
346	107	464
346	110	243
347	136	708
347	124	574
348	416	383
348	340	581
348	349	919
349	348	919
350	226	987
350	242	259
350	243	368
350	351	282
351	350	282
352	84	943
353	354	59
353	355	122
353	7831	662
354	353	59
354	508	751
354	509	188
355	353	122
356	242	252
357	244	573
357	359	571
357	248	412
358	359	324
358	248	635
359	357	571
359	246	141
359	358	324
360	1203	593
360	219	348
360	220	471
361	194	892
361	200	248
361	377	855
361	362	768
362	289	775
362	361	768
362	367	619
363	4116	802
363	364	3
363	991	915
364	1009	980
364	1001	343
364	363	3
364	8892	40
365	9332	317
365	10361	322
365	5117	921
365	366	227
366	4177	187
366	365	227
366	4109	692
367	374	670
367	362	619
368	369	396
368	370	206
368	300	941
369	368	396
369	419	715
369	486	716
370	368	206
370	371	114
370	300	38
371	370	114
371	372	446
371	302	759
372	371	446
372	287	78
373	290	901
373	374	591
373	375	651
373	200	797
374	373	591
374	375	299
374	367	670
375	290	456
375	373	651
375	374	299
376	391	38
376	200	213
376	377	607
376	207	862
377	337	574
377	391	636
377	376	607
377	361	855
378	4499	4
378	10425	737
378	379	566
379	378	566
380	1539	991
380	4585	537
380	381	377
380	1534	262
380	1550	885
381	1364	335
381	380	377
381	10141	46
381	1550	180
382	802	963
382	295	411
382	345	951
383	202	253
383	203	555
384	296	635
385	386	63
385	390	700
385	392	845
386	385	63
386	630	504
386	631	206
386	410	866
387	197	253
387	88	442
388	4	736
388	389	879
388	4005	47
388	4006	2
389	3872	992
389	3939	643
389	388	879
390	385	700
390	2161	227
390	392	987
390	410	23
391	405	507
391	376	38
391	377	636
392	385	845
392	390	987
392	1327	949
393	1488	526
393	1699	763
393	1095	205
393	394	910
394	1488	677
394	393	910
394	1469	628
394	398	430
395	6485	947
395	6489	445
395	396	476
396	6484	828
396	395	476
396	6700	592
397	400	989
397	420	290
397	264	856
398	394	430
398	10346	793
398	1468	763
398	399	602
399	1472	636
399	10810	34
399	1467	522
399	398	602
400	90	711
400	1642	399
400	397	989
401	402	965
401	825	700
401	301	708
401	302	368
402	401	965
402	803	378
402	825	429
403	345	987
403	825	56
403	841	962
403	1020	711
404	1398	610
404	407	77
404	425	353
404	270	935
405	247	320
405	391	507
405	250	769
406	150	71
406	284	96
406	285	838
407	404	77
407	408	519
407	425	255
408	407	519
408	409	52
408	1386	821
409	1667	817
409	408	52
409	1592	164
410	386	866
410	2164	777
410	390	23
410	1769	427
411	8946	720
411	8949	220
411	150	368
412	322	530
412	147	617
412	10926	556
413	418	828
413	489	442
413	414	180
414	489	488
414	490	233
414	491	180
414	413	180
415	416	887
415	421	423
415	422	284
416	341	454
416	488	154
416	348	383
416	415	887
417	418	431
417	419	94
417	505	431
418	417	431
418	10837	837
418	413	828
419	369	715
419	417	94
419	486	903
419	487	421
420	421	692
420	524	791
420	397	290
421	420	692
421	504	234
421	415	423
422	426	415
422	415	284
423	424	353
423	428	360
423	430	302
424	423	353
424	488	659
424	430	95
424	494	880
425	404	353
425	1396	884
425	407	255
426	422	415
426	427	847
427	432	199
427	426	847
427	428	9
428	496	308
428	423	360
428	488	466
428	427	9
429	434	22
429	430	222
429	431	595
430	434	287
430	423	302
430	424	95
430	429	222
431	10838	653
431	443	527
431	429	595
432	515	724
432	456	965
432	427	199
433	434	726
433	10725	968
433	443	173
433	492	733
434	433	726
434	443	712
434	429	22
434	430	287
435	436	541
435	437	258
435	438	847
436	529	595
436	435	541
436	527	751
437	435	258
438	435	847
438	536	902
438	600	177
439	452	738
439	440	128
439	508	392
440	515	108
440	439	128
440	601	931
441	4582	689
441	442	351
441	445	680
442	441	351
443	433	173
443	434	712
443	492	45
443	431	527
444	10283	520
444	445	629
444	446	745
445	10263	472
445	441	680
445	444	629
446	444	745
447	448	327
447	3791	84
448	3862	752
448	4285	536
448	447	327
449	450	113
449	485	219
449	4587	661
450	449	113
450	6792	349
450	6748	830
451	452	500
452	451	500
452	516	411
452	439	738
453	454	197
453	8265	239
454	498	727
454	453	197
454	7530	292
455	456	360
455	457	999
455	462	263
456	432	965
456	496	569
456	455	360
457	455	999
457	521	451
457	458	381
458	520	12
458	457	381
458	459	710
458	461	744
459	458	710
459	460	928
459	461	53
460	521	598
460	459	928
460	461	697
461	458	744
461	459	53
461	460	697
462	455	263
462	522	780
462	587	488
462	588	196
463	464	849
463	467	360
463	580	611
464	538	225
464	539	528
464	463	849
465	466	623
465	8788	762
465	7912	547
466	465	623
467	463	360
468	7936	366
468	469	62
468	470	300
469	579	126
469	468	62
469	580	450
470	468	300
471	472	253
471	475	981
472	471	253
472	573	613
473	474	29
473	2491	790
473	3499	644
473	1580	848
474	473	29
474	2491	112
474	3500	87
475	484	506
475	471	981
475	575	825
476	497	949
476	4645	659
476	477	592
477	530	944
477	4658	343
477	500	200
477	476	592
478	775	744
478	807	718
478	776	987
478	479	972
479	478	972
480	481	451
481	480	451
481	554	439
481	556	525
482	483	744
483	482	744
483	548	246
483	550	690
484	8563	831
484	475	506
485	449	219
485	5907	849
485	5909	733
485	9113	19
486	369	716
486	419	903
486	487	101
487	419	421
487	596	661
487	486	101
488	416	154
488	424	659
488	428	466
489	602	419
489	604	521
489	413	442
489	414	488
490	491	681
490	603	197
490	414	233
491	596	376
491	490	681
491	414	180
492	433	733
492	443	45
492	493	561
492	527	230
493	492	561
494	424	880
494	505	372
494	507	438
495	496	385
496	456	569
496	428	308
496	495	385
497	4659	708
497	4979	852
497	476	949
498	499	65
498	454	727
498	8942	887
499	577	901
499	498	65
499	8557	390
500	4645	221
500	4646	385
500	4647	693
500	477	200
501	502	959
501	503	631
502	501	959
502	540	875
502	542	14
503	501	631
503	540	41
504	421	234
505	417	431
505	506	551
505	494	372
506	505	551
507	494	438
508	354	751
508	439	392
508	510	827
509	513	510
509	354	188
509	514	896
510	508	827
511	512	742
511	515	297
512	8789	239
512	511	742
513	10843	742
513	509	510
514	509	896
515	432	724
515	440	108
515	511	297
516	452	411
517	518	708
517	519	784
517	8908	362
518	517	708
519	517	784
520	458	12
521	457	451
521	522	327
521	460	598
522	521	327
522	523	360
522	462	780
523	522	360
524	420	791
524	7705	25
524	525	665
524	526	519
525	4374	187
525	524	665
526	524	519
527	528	656
527	436	751
527	492	230
528	527	656
529	436	595
530	4657	919
530	531	174
530	4662	698
530	477	944
531	4977	464
531	530	174
531	4978	545
531	4975	717
532	4961	377
532	4642	772
532	533	796
532	537	607
533	4960	633
533	4961	370
533	532	796
533	4647	656
534	594	80
534	535	270
534	536	257
535	594	998
535	534	270
535	605	336
536	594	807
536	438	902
536	534	257
537	532	607
537	4971	405
537	4974	65
538	464	225
539	464	528
540	502	875
540	503	41
540	541	660
541	540	660
541	10317	573
542	502	14
542	8445	682
542	543	263
543	544	792
543	547	892
543	542	263
544	8385	66
544	549	338
544	543	792
545	546	224
545	9115	802
545	9102	255
546	545	224
546	1998	464
546	9118	13
547	548	730
547	543	892
548	483	246
548	547	730
548	549	883
549	544	338
549	548	883
549	8391	479
549	8365	126
550	483	690
550	551	216
550	552	541
551	550	216
551	8360	460
551	8365	287
552	550	541
552	553	333
552	8330	986
553	552	333
553	554	125
553	8586	809
554	481	439
554	553	125
554	555	684
555	554	684
555	8266	983
555	8683	84
555	556	884
556	481	525
556	555	884
556	557	958
557	556	958
557	558	447
558	8280	790
558	557	447
558	559	403
559	597	839
559	598	713
559	558	403
560	561	157
560	10547	432
560	8203	730
561	560	157
561	564	4
561	8171	195
562	563	91
562	564	105
562	565	419
563	8145	698
563	10401	765
563	562	91
563	8157	545
564	561	4
564	562	105
564	8157	66
565	562	419
565	8130	958
565	566	197
566	565	197
566	567	454
566	8110	263
567	8083	733
567	566	454
567	568	297
568	567	297
568	571	203
569	570	111
569	571	191
569	572	179
570	569	111
571	568	203
571	569	191
571	8061	993
572	8676	104
572	569	179
572	575	375
573	576	248
573	472	613
573	574	31
574	8001	864
574	573	31
574	7999	786
575	8039	974
575	475	825
575	572	375
576	8465	719
576	8265	542
576	573	248
577	578	73
577	499	901
577	579	278
578	7968	422
578	577	73
578	7956	888
579	577	278
579	469	126
579	7957	420
580	469	450
580	581	388
580	463	611
581	580	388
581	582	42
581	583	520
582	581	42
583	581	520
583	584	195
583	585	364
584	583	195
585	583	364
585	586	59
585	587	451
586	585	59
587	585	451
587	588	568
587	462	488
588	587	568
588	589	464
588	462	196
589	588	464
589	590	935
589	591	499
590	10725	358
590	10726	961
590	589	935
591	592	758
591	593	823
591	589	499
592	591	758
593	591	823
593	607	64
594	534	80
594	535	998
594	536	807
595	272	298
595	1386	22
595	271	51
596	487	661
596	491	376
597	10547	792
597	559	839
598	10851	456
598	8277	160
598	10549	786
598	559	713
599	600	180
599	607	353
600	438	177
600	599	180
601	440	931
601	10843	983
601	10844	826
602	489	419
602	603	353
602	604	210
603	490	197
603	602	353
604	489	521
604	602	210
604	605	228
605	535	336
605	604	228
605	606	781
606	605	781
607	593	64
607	599	353
608	609	870
608	610	979
608	612	893
608	682	45
609	608	870
609	684	288
609	702	831
610	608	979
610	698	738
610	683	67
610	702	352
611	612	38
611	613	748
611	614	973
612	608	893
612	611	38
612	619	295
612	684	132
613	611	748
613	684	825
613	703	968
614	611	973
614	618	244
614	622	504
615	616	975
615	617	180
615	623	797
616	615	975
616	808	503
616	811	530
617	615	180
618	659	411
618	614	244
618	619	632
619	612	295
619	618	632
619	682	40
619	683	521
620	628	554
620	1740	600
620	621	585
620	622	212
621	660	272
621	620	585
621	622	156
622	659	491
622	614	504
622	620	212
622	621	156
623	624	904
623	625	907
623	615	797
624	1012	97
624	623	904
624	831	544
625	626	567
625	623	907
626	625	567
626	634	483
626	685	552
627	628	685
627	629	562
627	637	100
627	638	877
628	627	685
628	695	945
628	620	554
629	627	562
629	668	678
629	637	974
629	669	595
630	386	504
630	10451	693
630	631	15
630	686	876
631	386	206
631	707	826
631	630	15
632	1557	483
632	633	744
632	1514	750
633	2769	698
633	632	744
633	1514	905
634	626	483
634	645	645
634	635	830
635	659	79
635	646	69
635	634	830
635	683	414
636	672	688
636	637	612
636	639	570
637	627	100
637	629	974
637	636	612
637	639	117
638	627	877
638	653	231
638	639	406
639	636	570
639	637	117
639	653	35
639	638	406
640	641	868
640	673	858
640	642	968
641	640	868
641	672	660
641	673	726
641	654	613
641	655	896
642	640	968
642	649	445
642	651	72
643	657	440
643	644	622
643	650	202
644	643	622
644	664	221
644	665	342
644	666	24
645	646	791
645	2169	850
645	634	645
646	645	791
646	681	549
646	635	69
646	1758	32
647	1056	451
647	678	862
647	648	595
647	687	457
648	2160	551
648	647	595
648	1399	703
648	2621	539
649	642	445
649	650	140
649	651	533
650	656	778
650	643	202
650	649	140
651	642	72
651	649	533
651	655	444
652	653	188
652	654	383
652	670	516
653	667	604
653	652	188
653	638	231
653	639	35
654	641	613
654	674	476
654	652	383
654	655	435
654	671	885
655	641	896
655	676	983
655	651	444
655	654	435
656	657	856
656	658	950
656	676	575
656	650	778
657	656	856
657	643	440
657	677	731
658	656	950
658	691	462
658	1738	475
659	618	411
659	635	79
659	683	914
659	622	491
660	704	695
660	661	341
660	621	272
661	704	628
661	705	552
661	660	341
662	685	333
664	673	140
664	644	221
664	694	632
664	10447	332
665	644	342
666	673	493
666	644	24
667	688	988
667	653	604
667	670	607
668	629	678
669	629	595
670	1737	364
670	667	607
670	652	516
670	671	132
671	674	786
671	654	885
671	670	132
672	641	660
672	10481	353
672	636	688
673	640	858
673	641	726
673	664	140
673	666	493
674	675	179
674	654	476
674	671	786
674	1743	136
675	674	179
675	690	51
675	676	135
676	656	575
676	675	135
676	691	72
676	655	983
677	657	731
677	680	86
678	2166	150
678	647	862
678	1403	736
679	680	129
680	2164	952
680	677	86
680	1829	210
680	679	129
681	646	549
682	608	45
682	696	914
682	619	40
683	610	67
683	659	914
683	619	521
683	635	414
684	609	288
684	612	132
684	613	825
685	2689	229
685	626	552
685	662	333
685	879	458
686	10451	274
686	692	199
686	630	876
686	687	288
687	647	457
687	10106	65
687	686	288
688	689	259
688	1745	892
688	1737	326
688	667	988
689	688	259
690	675	51
690	691	313
690	1031	136
690	697	21
691	658	462
691	690	313
691	676	72
691	1031	524
692	686	199
692	2159	565
694	664	632
695	628	945
696	682	914
697	690	21
697	1748	307
697	1743	961
698	610	738
698	808	269
698	699	32
698	700	559
699	808	394
699	698	32
699	796	372
700	698	559
700	701	318
700	797	97
701	700	318
701	702	321
702	609	831
702	610	352
702	701	321
703	704	23
703	613	968
704	660	695
704	661	628
704	703	23
705	706	649
705	661	552
706	705	649
706	10447	146
707	631	826
707	10447	841
708	709	779
708	777	343
709	708	779
709	789	283
709	780	505
710	711	851
710	919	76
710	921	185
711	710	851
711	863	160
712	713	240
712	714	967
712	715	772
713	1040	314
713	712	240
713	922	794
714	1060	540
714	712	967
714	921	753
714	922	236
715	1060	112
715	1061	184
715	712	772
715	1065	466
716	720	184
716	10454	319
716	717	792
716	1037	502
717	1040	394
717	716	792
717	1038	127
718	723	918
718	719	17
719	721	725
719	718	17
720	724	276
720	986	903
720	716	184
720	732	841
721	722	127
721	723	399
721	719	725
722	721	127
722	1064	124
722	1069	429
723	721	399
723	724	437
723	718	918
724	720	276
724	723	437
724	727	589
725	931	725
725	726	486
725	1046	359
725	729	464
726	1042	929
726	1044	610
726	725	486
727	724	589
727	728	856
727	730	333
728	1088	317
728	1089	603
728	727	856
728	975	613
729	740	124
729	725	464
729	735	242
730	737	227
730	727	333
730	975	652
731	736	114
731	732	915
731	733	16
732	720	841
732	731	915
732	988	707
733	736	144
733	930	534
733	731	16
733	734	451
734	988	398
734	733	451
734	1055	900
735	739	256
735	755	209
735	729	242
736	737	866
736	738	82
736	930	724
736	731	114
736	733	144
737	736	866
737	1026	451
737	730	227
738	736	82
738	929	45
738	744	732
739	747	327
739	748	80
739	735	256
740	741	370
740	729	124
740	746	786
741	740	370
741	1045	371
741	1047	719
742	753	351
742	755	954
742	743	852
743	929	684
743	930	124
743	931	344
743	742	852
744	738	732
744	745	593
744	927	599
745	1026	747
745	744	593
745	973	891
745	974	77
746	740	786
746	756	430
746	747	780
746	941	518
747	739	327
747	746	780
747	749	434
748	739	80
748	749	584
748	766	423
749	747	434
749	748	584
749	943	122
750	752	694
750	925	460
750	751	277
751	1025	965
751	973	593
751	750	277
751	975	263
752	1094	622
752	1099	760
752	750	694
753	754	931
753	742	351
753	774	175
754	753	931
754	929	949
754	10657	749
755	742	954
755	761	724
755	735	209
756	757	990
756	746	430
756	767	390
757	756	990
757	1045	410
757	1048	166
758	773	138
758	759	558
758	760	959
758	782	738
759	1024	632
759	758	558
759	940	310
759	1023	704
760	758	959
760	774	598
760	972	819
760	927	893
761	755	724
761	787	452
761	765	810
762	769	3
762	763	938
762	764	567
763	762	938
763	1051	815
763	764	922
764	762	567
764	1050	822
764	763	922
765	761	810
765	810	11
765	766	17
766	748	423
766	765	17
766	989	810
767	768	987
767	979	654
767	756	390
768	1051	306
768	1052	235
768	767	987
769	770	899
769	984	451
769	762	3
770	769	899
770	772	811
770	805	230
771	772	471
772	770	811
772	771	471
772	10583	573
773	758	138
773	774	254
773	793	262
774	753	175
774	773	254
774	760	598
774	938	936
775	776	460
775	1049	764
775	478	744
776	775	460
776	1053	453
776	478	987
777	708	343
777	789	350
777	790	848
778	804	158
778	779	82
778	780	146
778	958	211
779	778	82
779	1019	275
779	780	796
780	709	505
780	778	146
780	779	796
781	782	397
781	1134	755
781	783	109
782	758	738
782	793	174
782	940	752
782	781	397
783	781	109
784	785	26
784	801	183
784	786	225
785	784	26
786	784	225
787	791	324
787	761	452
787	938	449
788	789	786
788	790	170
788	796	173
789	788	786
789	709	283
789	777	350
790	788	170
790	777	848
790	797	632
791	787	324
791	937	475
791	795	397
792	793	384
792	794	43
792	814	488
792	815	765
793	773	262
793	792	384
793	794	189
793	782	174
794	792	43
794	793	189
794	938	791
794	939	535
795	801	560
795	791	397
795	936	994
796	788	173
796	699	372
796	797	549
797	790	632
797	700	97
797	796	549
798	800	770
798	807	256
798	799	690
799	960	344
799	798	690
799	958	616
799	1054	909
800	1053	89
800	798	770
800	1054	839
801	784	183
801	810	494
801	795	560
802	992	434
802	920	906
802	382	963
803	402	378
803	841	940
803	298	540
804	778	158
804	828	488
804	844	252
805	770	230
805	806	255
805	829	42
806	979	366
806	805	255
806	981	790
807	809	241
807	478	718
807	798	256
808	616	503
808	698	269
808	699	394
808	828	11
809	818	448
809	807	241
809	953	75
810	801	494
810	820	858
810	812	27
810	765	11
811	1013	274
811	616	530
811	831	279
812	823	78
812	810	27
812	813	749
813	812	749
813	941	125
813	942	357
813	943	692
814	837	889
814	792	488
814	824	998
815	837	94
815	792	765
815	875	213
816	817	138
816	818	794
816	840	745
816	830	903
817	816	138
817	976	603
817	1003	95
818	816	794
818	809	448
818	10457	186
819	832	762
819	820	329
819	845	109
820	833	908
820	819	329
820	951	173
820	810	858
821	835	245
821	822	48
821	823	493
822	821	48
823	821	493
823	951	696
823	812	78
823	942	875
824	1377	482
824	1145	198
824	814	998
824	1326	447
825	401	700
825	402	429
825	403	56
825	1020	446
826	842	964
826	827	114
826	828	370
826	847	630
827	1013	514
827	826	114
828	804	488
828	869	950
828	808	11
828	826	370
829	805	42
829	838	674
829	830	986
830	816	903
830	10458	426
830	829	986
831	624	544
831	842	880
831	811	279
832	833	681
832	834	335
832	819	762
833	832	681
833	834	196
833	820	908
833	936	17
834	832	335
834	833	196
834	937	346
834	939	702
835	836	277
835	821	245
835	838	69
836	835	277
837	866	730
837	814	889
837	815	94
838	835	69
838	858	187
838	829	674
839	852	811
839	840	395
839	959	818
840	816	745
840	839	395
840	952	93
840	953	430
841	1073	220
841	403	962
841	803	940
842	826	964
842	831	880
842	879	119
843	1010	910
843	869	726
843	844	35
843	846	677
844	1011	311
844	804	252
844	843	35
845	864	8
845	819	109
845	855	271
846	851	256
846	969	133
846	843	677
847	848	520
847	826	630
847	859	183
848	847	520
849	961	648
849	850	430
849	851	382
849	1005	505
850	849	430
850	962	315
850	851	91
850	959	138
851	849	382
851	850	91
851	970	851
851	846	256
852	839	811
852	856	809
852	862	156
853	85	644
854	9857	928
854	855	10
854	903	703
855	854	10
855	950	954
855	951	13
855	845	271
856	883	269
856	852	809
856	877	108
857	882	397
857	872	559
857	858	642
858	838	187
858	951	183
858	952	295
858	857	642
859	868	347
859	878	408
859	847	183
860	963	435
860	876	340
860	861	363
860	862	698
861	961	29
861	964	507
861	971	990
861	860	363
862	962	927
862	852	156
862	860	698
862	877	760
863	711	160
863	1039	958
864	867	902
864	950	786
864	845	8
865	866	833
865	870	190
865	886	609
866	865	833
866	945	140
866	837	730
867	864	902
867	874	85
867	893	95
868	869	989
868	966	606
868	859	347
869	868	989
869	1016	852
869	843	726
869	828	950
870	865	190
870	884	788
870	871	100
871	870	100
871	1326	856
872	2645	216
872	857	559
872	873	553
873	872	553
874	867	85
874	7539	17
874	894	615
875	888	19
875	891	32
875	815	213
876	880	411
876	2648	180
876	860	340
876	877	610
877	883	821
877	856	108
877	876	610
877	862	760
878	859	408
879	842	119
879	685	458
879	2669	152
880	881	800
880	2650	3
880	876	411
881	880	800
881	882	952
881	883	238
882	881	952
882	952	624
882	857	397
882	2686	796
883	881	238
883	856	269
883	952	386
883	877	821
884	3217	953
884	870	788
884	2671	40
885	897	930
885	946	502
885	886	281
886	944	143
886	865	609
886	945	134
886	885	281
887	888	750
887	889	239
887	894	760
888	948	677
888	887	750
888	875	19
888	891	92
889	887	239
890	891	988
890	892	912
890	2653	904
891	888	92
891	890	988
891	875	32
891	892	595
892	946	273
892	947	869
892	890	912
892	891	595
893	867	95
893	901	825
893	2646	542
894	994	4
894	2646	972
894	887	760
894	874	615
895	896	985
895	85	915
895	2726	738
896	895	985
897	885	930
898	7586	569
898	899	197
898	3049	687
899	898	197
899	10518	266
899	3114	736
900	901	77
901	900	77
901	1014	634
901	893	825
902	903	793
903	854	703
903	902	793
903	905	903
903	2652	900
904	905	20
905	903	903
905	904	20
905	1002	702
906	2727	752
906	907	342
906	9838	98
907	9825	695
907	9833	328
907	906	342
908	1017	561
908	955	305
908	909	284
909	954	938
909	955	541
909	908	284
910	1018	94
910	911	502
911	1008	273
911	1005	961
911	910	502
911	1007	723
912	913	490
912	1810	615
912	1817	149
912	2601	382
913	912	490
913	1432	132
913	2184	37
914	915	735
914	2184	210
914	1327	745
915	914	735
916	9409	49
916	917	484
916	1015	952
916	6251	949
917	9408	239
917	916	484
917	5895	392
918	1057	214
918	919	223
919	1060	53
919	710	76
919	918	223
920	802	906
921	710	185
921	714	753
922	713	794
922	714	236
922	1039	542
925	928	572
925	750	460
925	926	345
925	1023	54
926	1123	424
926	925	345
926	1022	33
927	929	828
927	744	599
927	760	893
927	972	616
928	1024	362
928	1025	706
928	925	572
928	1023	754
929	738	45
929	754	949
929	743	684
929	927	828
930	736	724
930	743	124
930	733	534
930	1055	288
931	932	465
931	725	725
931	743	344
931	1055	873
932	931	465
932	1043	884
933	934	753
933	953	43
934	960	46
934	933	753
935	936	724
936	833	17
936	935	724
936	937	614
936	795	994
937	834	346
937	791	475
937	936	614
937	939	739
938	787	449
938	774	936
938	794	791
938	939	991
939	834	702
939	937	739
939	794	535
939	938	991
940	759	310
940	1288	336
940	782	752
940	1022	24
941	746	518
941	813	125
941	990	736
942	823	875
942	813	357
943	749	122
943	813	692
944	3220	178
944	886	143
945	866	140
945	886	134
946	947	993
946	885	502
946	949	537
946	892	273
947	946	993
947	3220	252
947	892	869
948	888	677
949	946	537
950	864	786
950	1014	560
950	855	954
950	1002	477
951	820	173
951	823	696
951	855	13
951	858	183
952	882	624
952	883	386
952	840	93
952	858	295
953	933	43
953	10455	396
953	840	430
953	809	75
954	956	221
954	909	938
954	957	117
955	2647	694
955	908	305
955	909	541
956	969	901
956	954	221
956	970	467
956	957	132
957	966	500
957	968	410
957	954	117
957	956	132
958	960	921
958	778	211
958	1019	730
958	799	616
959	960	136
959	850	138
959	962	6
959	839	818
960	934	46
960	958	921
960	799	344
960	959	136
961	849	648
961	964	423
961	971	834
961	861	29
962	850	315
962	971	402
962	862	927
962	959	6
963	964	832
963	965	433
963	860	435
963	1004	296
964	961	423
964	963	832
964	861	507
965	963	433
965	3210	781
965	3213	654
965	3215	531
966	868	606
966	967	664
966	2649	30
966	957	500
967	966	664
968	1016	230
968	957	410
969	1016	950
969	970	700
969	956	901
969	846	133
970	1008	369
970	851	851
970	969	700
970	956	467
971	961	834
971	962	402
971	861	990
972	1024	684
972	760	819
972	974	500
972	927	616
973	1025	528
973	1026	310
973	745	891
973	751	593
974	1024	174
974	1025	139
974	745	77
974	972	500
975	1094	29
975	728	613
975	730	652
975	751	263
976	817	603
976	977	311
976	978	817
977	976	311
977	984	149
978	976	817
979	980	891
979	806	366
979	767	654
980	979	891
981	806	790
982	983	922
982	5370	993
982	6107	355
983	5346	561
983	10707	794
983	982	922
984	769	451
984	977	149
984	10961	878
985	1043	39
985	986	169
985	987	985
986	720	903
986	985	169
986	988	290
986	1037	271
987	985	985
988	986	290
988	732	707
988	1036	408
988	734	398
989	766	810
990	941	736
991	8464	235
991	993	710
991	363	915
992	802	434
993	991	710
994	3233	179
994	2653	246
994	894	4
995	996	518
995	8967	647
996	995	518
996	8969	265
996	7755	311
996	7791	5
997	998	345
997	7789	261
998	8916	743
998	997	345
998	7807	716
999	8721	215
999	1000	184
1000	9041	352
1000	8918	583
1000	999	184
1001	9077	249
1001	364	343
1001	8447	154
1002	950	477
1002	1014	916
1002	905	702
1003	817	95
1004	963	296
1004	1005	327
1004	1007	134
1005	849	505
1005	1004	327
1005	1006	314
1005	911	961
1006	1005	314
1007	1004	134
1007	3213	572
1007	911	723
1008	1017	544
1008	970	369
1008	1018	713
1008	911	273
1009	1027	625
1009	1028	312
1009	364	980
1009	1021	674
1010	843	910
1011	844	311
1012	624	97
1013	811	274
1013	827	514
1014	901	634
1014	950	560
1014	3224	968
1014	1002	916
1015	5906	658
1015	916	952
1015	6104	762
1016	869	852
1016	968	230
1016	969	950
1017	1008	544
1017	2651	49
1017	908	561
1018	1008	713
1018	3213	693
1018	910	94
1018	3214	514
1019	779	275
1019	958	730
1019	1054	569
1020	403	711
1020	1075	86
1020	825	446
1021	1009	674
1021	1172	600
1021	1253	877
1021	1246	923
1022	940	24
1022	1308	741
1022	926	33
1022	1023	684
1023	928	754
1023	759	704
1023	925	54
1023	1022	684
1024	928	362
1024	759	632
1024	972	684
1024	974	174
1025	928	706
1025	973	528
1025	974	139
1025	751	965
1026	737	451
1026	745	747
1026	973	310
1027	1009	625
1028	1009	312
1029	1030	835
1029	5150	974
1030	5152	800
1030	1029	835
1030	5145	281
1031	690	136
1031	691	524
1031	1749	479
1031	2165	150
1032	1683	206
1032	1033	426
1033	1032	426
1033	5147	523
1033	4589	678
1034	1035	590
1034	10126	765
1035	10118	115
1035	1034	590
1035	10138	948
1036	988	408
1037	1041	422
1037	986	271
1037	716	502
1037	1038	522
1038	1041	798
1038	717	127
1038	1037	522
1039	922	542
1039	863	958
1040	713	314
1040	717	394
1041	1042	675
1041	1037	422
1041	1038	798
1042	1041	675
1042	1043	690
1042	726	929
1043	1042	690
1043	932	884
1043	985	39
1044	726	610
1044	1046	737
1045	741	371
1045	757	410
1046	1044	737
1046	725	359
1046	1047	76
1047	741	719
1047	1046	76
1048	757	166
1048	1052	234
1049	775	764
1049	1050	840
1050	1049	840
1050	764	822
1051	768	306
1051	763	815
1052	768	235
1052	1048	234
1053	800	89
1053	776	453
1054	800	839
1054	1019	569
1054	799	909
1055	930	288
1055	931	873
1055	734	900
1056	2630	279
1056	647	451
1056	10106	383
1057	1264	943
1057	1061	766
1057	918	214
1058	1059	955
1058	1354	334
1059	1264	514
1059	1058	955
1059	10453	11
1060	1061	332
1060	919	53
1060	714	540
1060	715	112
1061	1057	766
1061	1060	332
1061	715	184
1061	1263	18
1062	1265	365
1062	1268	989
1062	1063	819
1063	1268	733
1063	1062	819
1063	1354	18
1064	722	124
1064	1079	930
1064	1065	885
1065	1064	885
1065	715	466
1065	1068	36
1066	1076	310
1066	1067	501
1066	1068	292
1067	1268	168
1067	1269	764
1067	1270	495
1067	1066	501
1068	1270	615
1068	1065	36
1068	1066	292
1069	722	429
1069	10454	929
1070	1072	7
1070	1077	782
1070	1071	371
1071	1267	861
1071	1303	832
1071	1070	371
1072	1074	742
1072	1078	567
1072	1070	7
1073	841	220
1074	1072	742
1074	1078	160
1074	1082	87
1075	1570	734
1075	1020	86
1075	301	437
1076	1077	549
1076	1269	72
1076	1080	336
1076	1081	777
1076	1066	310
1077	1266	612
1077	1076	549
1077	1276	676
1077	1070	782
1078	1072	567
1078	1074	160
1078	1083	924
1079	1089	496
1079	1064	930
1079	1081	963
1080	1076	336
1080	1081	843
1080	1087	853
1081	1089	555
1081	1076	777
1081	1079	963
1081	1080	843
1082	1074	87
1082	1085	263
1083	1092	852
1083	1078	924
1083	1276	657
1084	1093	287
1084	1085	159
1085	1092	634
1085	1082	263
1085	1084	159
1086	1088	310
1086	1090	911
1086	1087	940
1087	1080	853
1087	1277	833
1087	1086	940
1088	1089	7
1088	1094	803
1088	728	317
1088	1086	310
1089	1088	7
1089	1079	496
1089	728	603
1089	1081	555
1090	1091	675
1090	1097	934
1090	1086	911
1091	1090	675
1091	1276	593
1091	1101	525
1091	1277	985
1092	1104	506
1092	1083	852
1092	1275	294
1092	1085	634
1093	1105	962
1093	1098	886
1093	1084	287
1094	752	622
1094	1088	803
1094	975	29
1095	3473	205
1095	1463	367
1095	1096	705
1095	393	205
1096	1095	705
1096	1435	1000
1096	1452	563
1097	1090	934
1097	1099	257
1097	1100	27
1098	1093	886
1098	1109	784
1098	1102	746
1099	752	760
1099	1123	867
1099	1097	257
1100	1106	167
1100	1097	27
1100	1101	319
1101	1091	525
1101	1274	385
1101	1275	570
1101	1100	319
1102	1110	388
1102	1111	661
1102	1098	746
1103	1104	342
1103	1105	677
1103	1107	212
1104	1092	506
1104	1103	342
1104	1279	684
1105	1093	962
1105	1334	721
1105	1103	677
1106	1272	184
1106	1274	553
1106	1100	167
1107	1108	863
1107	1109	777
1107	1103	212
1108	1107	863
1108	1274	724
1108	1278	969
1108	1279	448
1109	1107	777
1109	1111	377
1109	1127	862
1109	1098	784
1110	1115	117
1110	1116	70
1110	1102	388
1111	1109	377
1111	1117	569
1111	1102	661
1111	1119	15
1112	1126	598
1112	1113	854
1112	1114	395
1113	1335	551
1113	1112	854
1113	1272	747
1114	1112	395
1115	1121	791
1115	1110	117
1115	1116	525
1116	1110	70
1116	1115	525
1116	1117	858
1117	1137	638
1117	1111	569
1117	1116	858
1118	1285	225
1118	1119	446
1118	1135	458
1119	1284	483
1119	1111	15
1119	1127	10
1119	1118	446
1120	1121	955
1120	1347	583
1120	1125	884
1121	1120	955
1121	1115	791
1122	1123	117
1122	1129	394
1122	1309	965
1123	1122	117
1123	1272	867
1123	1099	867
1123	926	424
1124	1139	177
1124	1125	658
1124	1131	991
1124	1211	472
1125	1120	884
1125	1124	658
